year	low	high	width	share	cumul	# sptinc992j	country
2009	0	0.01	0.01	0.00008	0.00008		AE
2009	0.01	0.02	0.01	0.00041	0.00048		AE
2009	0.02	0.03	0.01	0.00067	0.00115		AE
2009	0.03	0.04	0.01	0.0009	0.00205		AE
2009	0.04	0.05	0.01	0.00112	0.00317		AE
2009	0.05	0.06	0.01	0.00131	0.00448		AE
2009	0.06	0.07	0.01	0.00152	0.006		AE
2009	0.07	0.08	0.01	0.00168	0.00768		AE
2009	0.08	0.09	0.01	0.00176	0.00944		AE
2009	0.09	0.1	0.01	0.00179	0.01123		AE
2009	0.1	0.11	0.01	0.00182	0.01305		AE
2009	0.11	0.12	0.01	0.00185	0.0149		AE
2009	0.12	0.13	0.01	0.00187	0.01677		AE
2009	0.13	0.14	0.01	0.0019	0.01867		AE
2009	0.14	0.15	0.01	0.00192	0.02059		AE
2009	0.15	0.16	0.01	0.00194	0.02254		AE
2009	0.16	0.17	0.01	0.00197	0.0245		AE
2009	0.17	0.18	0.01	0.00199	0.0265		AE
2009	0.18	0.19	0.01	0.00202	0.02851		AE
2009	0.19	0.2	0.01	0.00204	0.03055		AE
2009	0.2	0.21	0.01	0.00206	0.03261		AE
2009	0.21	0.22	0.01	0.00209	0.0347		AE
2009	0.22	0.23	0.01	0.00211	0.03681		AE
2009	0.23	0.24	0.01	0.00214	0.03895		AE
2009	0.24	0.25	0.01	0.00216	0.04111		AE
2009	0.25	0.26	0.01	0.00219	0.0433		AE
2009	0.26	0.27	0.01	0.00221	0.04551		AE
2009	0.27	0.28	0.01	0.00224	0.04775		AE
2009	0.28	0.29	0.01	0.00227	0.05001		AE
2009	0.29	0.3	0.01	0.0023	0.05231		AE
2009	0.3	0.31	0.01	0.00233	0.05464		AE
2009	0.31	0.32	0.01	0.00237	0.05701		AE
2009	0.32	0.33	0.01	0.00241	0.05942		AE
2009	0.33	0.34	0.01	0.00245	0.06187		AE
2009	0.34	0.35	0.01	0.0025	0.06437		AE
2009	0.35	0.36	0.01	0.00254	0.06691		AE
2009	0.36	0.37	0.01	0.00259	0.0695		AE
2009	0.37	0.38	0.01	0.00263	0.07213		AE
2009	0.38	0.39	0.01	0.00268	0.07481		AE
2009	0.39	0.4	0.01	0.00274	0.07756		AE
2009	0.4	0.41	0.01	0.0028	0.08036		AE
2009	0.41	0.42	0.01	0.00287	0.08323		AE
2009	0.42	0.43	0.01	0.00294	0.08617		AE
2009	0.43	0.44	0.01	0.00301	0.08918		AE
2009	0.44	0.45	0.01	0.00309	0.09227		AE
2009	0.45	0.46	0.01	0.00317	0.09543		AE
2009	0.46	0.47	0.01	0.00325	0.09868		AE
2009	0.47	0.48	0.01	0.00333	0.10201		AE
2009	0.48	0.49	0.01	0.00342	0.10543		AE
2009	0.49	0.5	0.01	0.00351	0.10894		AE
2009	0.5	0.51	0.01	0.00361	0.11255		AE
2009	0.51	0.52	0.01	0.00371	0.11625		AE
2009	0.52	0.53	0.01	0.00381	0.12007		AE
2009	0.53	0.54	0.01	0.00392	0.12399		AE
2009	0.54	0.55	0.01	0.00404	0.12803		AE
2009	0.55	0.56	0.01	0.00415	0.13218		AE
2009	0.56	0.57	0.01	0.00427	0.13646		AE
2009	0.57	0.58	0.01	0.00439	0.14085		AE
2009	0.58	0.59	0.01	0.00451	0.14536		AE
2009	0.59	0.6	0.01	0.00464	0.15001		AE
2009	0.6	0.61	0.01	0.00478	0.15479		AE
2009	0.61	0.62	0.01	0.00493	0.15972		AE
2009	0.62	0.63	0.01	0.00509	0.1648		AE
2009	0.63	0.64	0.01	0.00526	0.17006		AE
2009	0.64	0.65	0.01	0.00545	0.17551		AE
2009	0.65	0.66	0.01	0.00565	0.18116		AE
2009	0.66	0.67	0.01	0.00587	0.18703		AE
2009	0.67	0.68	0.01	0.0061	0.19313		AE
2009	0.68	0.69	0.01	0.00635	0.19949		AE
2009	0.69	0.7	0.01	0.00661	0.20609		AE
2009	0.7	0.71	0.01	0.00685	0.21295		AE
2009	0.71	0.72	0.01	0.00709	0.22004		AE
2009	0.72	0.73	0.01	0.00732	0.22736		AE
2009	0.73	0.74	0.01	0.00756	0.23492		AE
2009	0.74	0.75	0.01	0.00781	0.24274		AE
2009	0.75	0.76	0.01	0.0081	0.25083		AE
2009	0.76	0.77	0.01	0.00843	0.25926		AE
2009	0.77	0.78	0.01	0.00879	0.26805		AE
2009	0.78	0.79	0.01	0.00917	0.27722		AE
2009	0.79	0.8	0.01	0.00958	0.2868		AE
2009	0.8	0.81	0.01	0.01008	0.29688		AE
2009	0.81	0.82	0.01	0.01074	0.30762		AE
2009	0.82	0.83	0.01	0.01163	0.31924		AE
2009	0.83	0.84	0.01	0.01261	0.33185		AE
2009	0.84	0.85	0.01	0.01365	0.3455		AE
2009	0.85	0.86	0.01	0.01498	0.36048		AE
2009	0.86	0.87	0.01	0.01675	0.37723		AE
2009	0.87	0.88	0.01	0.01847	0.3957		AE
2009	0.88	0.89	0.01	0.02058	0.41628		AE
2009	0.89	0.9	0.01	0.02323	0.43952		AE
2009	0.9	0.91	0.01	0.0258	0.46532		AE
2009	0.91	0.92	0.01	0.02922	0.49454		AE
2009	0.92	0.93	0.01	0.03319	0.52773		AE
2009	0.93	0.94	0.01	0.0376	0.56533		AE
2009	0.94	0.95	0.01	0.04264	0.60797		AE
2009	0.95	0.96	0.01	0.04836	0.65634		AE
2009	0.96	0.97	0.01	0.05482	0.71115		AE
2009	0.97	0.98	0.01	0.06188	0.77303		AE
2009	0.98	0.99	0.01	0.07125	0.84429		AE
2009	0.99	0.991	0.001	0.00813	0.85242		AE
2009	0.991	0.992	0.001	0.00841	0.86083		AE
2009	0.992	0.993	0.001	0.00877	0.8696		AE
2009	0.993	0.994	0.001	0.00918	0.87877		AE
2009	0.994	0.995	0.001	0.00972	0.88849		AE
2009	0.995	0.996	0.001	0.01044	0.89893		AE
2009	0.996	0.997	0.001	0.01152	0.91045		AE
2009	0.997	0.998	0.001	0.0133	0.92375		AE
2009	0.998	0.999	0.001	0.01706	0.94081		AE
2009	0.999	0.9991	0.0001	0.00212	0.94293		AE
2009	0.9991	0.9992	0.0001	0.00225	0.94519		AE
2009	0.9992	0.9993	0.0001	0.00242	0.9476		AE
2009	0.9993	0.9994	0.0001	0.00261	0.95022		AE
2009	0.9994	0.9995	0.0001	0.00288	0.95309		AE
2009	0.9995	0.9996	0.0001	0.00324	0.95633		AE
2009	0.9996	0.9997	0.0001	0.00378	0.96011		AE
2009	0.9997	0.9998	0.0001	0.00468	0.96479		AE
2009	0.9998	0.9999	0.0001	0.00663	0.97142		AE
2009	0.9999	0.99991	0.00001	0.00088	0.9723		AE
2009	0.99991	0.99992	0.00001	0.00095	0.97325		AE
2009	0.99992	0.99993	0.00001	0.00103	0.97428		AE
2009	0.99993	0.99994	0.00001	0.00113	0.97541		AE
2009	0.99994	0.99995	0.00001	0.00127	0.97668		AE
2009	0.99995	0.99996	0.00001	0.00146	0.97814		AE
2009	0.99996	0.99997	0.00001	0.00173	0.97987		AE
2009	0.99997	0.99998	0.00001	0.00219	0.98206		AE
2009	0.99998	0.99999	0.00001	0.00317	0.98523		AE
2009	0.99999	1	0.00001	0.01477	1		AE
1998	0	0.01	0.01	0.00044	0.00044		AE
1998	0.01	0.02	0.01	0.00072	0.00115		AE
1998	0.02	0.03	0.01	0.00089	0.00204		AE
1998	0.03	0.04	0.01	0.00106	0.00311		AE
1998	0.04	0.05	0.01	0.00119	0.0043		AE
1998	0.05	0.06	0.01	0.00129	0.00559		AE
1998	0.06	0.07	0.01	0.00136	0.00695		AE
1998	0.07	0.08	0.01	0.00141	0.00837		AE
1998	0.08	0.09	0.01	0.00147	0.00983		AE
1998	0.09	0.1	0.01	0.00152	0.01136		AE
1998	0.1	0.11	0.01	0.00159	0.01295		AE
1998	0.11	0.12	0.01	0.00166	0.01461		AE
1998	0.12	0.13	0.01	0.00173	0.01634		AE
1998	0.13	0.14	0.01	0.00178	0.01811		AE
1998	0.14	0.15	0.01	0.00182	0.01993		AE
1998	0.15	0.16	0.01	0.00187	0.0218		AE
1998	0.16	0.17	0.01	0.00191	0.02371		AE
1998	0.17	0.18	0.01	0.00196	0.02566		AE
1998	0.18	0.19	0.01	0.00201	0.02767		AE
1998	0.19	0.2	0.01	0.00207	0.02974		AE
1998	0.2	0.21	0.01	0.00213	0.03187		AE
1998	0.21	0.22	0.01	0.00219	0.03406		AE
1998	0.22	0.23	0.01	0.00224	0.0363		AE
1998	0.23	0.24	0.01	0.00229	0.0386		AE
1998	0.24	0.25	0.01	0.00235	0.04095		AE
1998	0.25	0.26	0.01	0.00242	0.04337		AE
1998	0.26	0.27	0.01	0.00249	0.04585		AE
1998	0.27	0.28	0.01	0.00255	0.04841		AE
1998	0.28	0.29	0.01	0.00261	0.05102		AE
1998	0.29	0.3	0.01	0.00266	0.05368		AE
1998	0.3	0.31	0.01	0.00272	0.0564		AE
1998	0.31	0.32	0.01	0.00278	0.05917		AE
1998	0.32	0.33	0.01	0.00285	0.06202		AE
1998	0.33	0.34	0.01	0.00292	0.06494		AE
1998	0.34	0.35	0.01	0.00299	0.06793		AE
1998	0.35	0.36	0.01	0.00305	0.07098		AE
1998	0.36	0.37	0.01	0.00311	0.0741		AE
1998	0.37	0.38	0.01	0.00318	0.07728		AE
1998	0.38	0.39	0.01	0.00326	0.08054		AE
1998	0.39	0.4	0.01	0.00333	0.08387		AE
1998	0.4	0.41	0.01	0.0034	0.08728		AE
1998	0.41	0.42	0.01	0.00347	0.09075		AE
1998	0.42	0.43	0.01	0.00355	0.09429		AE
1998	0.43	0.44	0.01	0.00363	0.09792		AE
1998	0.44	0.45	0.01	0.00371	0.10163		AE
1998	0.45	0.46	0.01	0.00379	0.10542		AE
1998	0.46	0.47	0.01	0.00388	0.10931		AE
1998	0.47	0.48	0.01	0.00398	0.11328		AE
1998	0.48	0.49	0.01	0.00407	0.11735		AE
1998	0.49	0.5	0.01	0.00416	0.12151		AE
1998	0.5	0.51	0.01	0.00426	0.12577		AE
1998	0.51	0.52	0.01	0.00437	0.13014		AE
1998	0.52	0.53	0.01	0.00447	0.13461		AE
1998	0.53	0.54	0.01	0.00458	0.13919		AE
1998	0.54	0.55	0.01	0.0047	0.14389		AE
1998	0.55	0.56	0.01	0.00481	0.1487		AE
1998	0.56	0.57	0.01	0.00493	0.15362		AE
1998	0.57	0.58	0.01	0.00505	0.15867		AE
1998	0.58	0.59	0.01	0.00518	0.16385		AE
1998	0.59	0.6	0.01	0.00531	0.16916		AE
1998	0.6	0.61	0.01	0.00544	0.1746		AE
1998	0.61	0.62	0.01	0.00558	0.18017		AE
1998	0.62	0.63	0.01	0.00573	0.1859		AE
1998	0.63	0.64	0.01	0.00588	0.19178		AE
1998	0.64	0.65	0.01	0.00603	0.19781		AE
1998	0.65	0.66	0.01	0.00619	0.204		AE
1998	0.66	0.67	0.01	0.00635	0.21035		AE
1998	0.67	0.68	0.01	0.00651	0.21686		AE
1998	0.68	0.69	0.01	0.00669	0.22355		AE
1998	0.69	0.7	0.01	0.00688	0.23043		AE
1998	0.7	0.71	0.01	0.00709	0.23752		AE
1998	0.71	0.72	0.01	0.00732	0.24484		AE
1998	0.72	0.73	0.01	0.00756	0.2524		AE
1998	0.73	0.74	0.01	0.00781	0.26021		AE
1998	0.74	0.75	0.01	0.00805	0.26826		AE
1998	0.75	0.76	0.01	0.00829	0.27654		AE
1998	0.76	0.77	0.01	0.00853	0.28508		AE
1998	0.77	0.78	0.01	0.00881	0.29389		AE
1998	0.78	0.79	0.01	0.00913	0.30301		AE
1998	0.79	0.8	0.01	0.00951	0.31253		AE
1998	0.8	0.81	0.01	0.00997	0.3225		AE
1998	0.81	0.82	0.01	0.01051	0.33301		AE
1998	0.82	0.83	0.01	0.01116	0.34417		AE
1998	0.83	0.84	0.01	0.012	0.35617		AE
1998	0.84	0.85	0.01	0.013	0.36917		AE
1998	0.85	0.86	0.01	0.01415	0.38332		AE
1998	0.86	0.87	0.01	0.01556	0.39888		AE
1998	0.87	0.88	0.01	0.01716	0.41604		AE
1998	0.88	0.89	0.01	0.01901	0.43505		AE
1998	0.89	0.9	0.01	0.02112	0.45617		AE
1998	0.9	0.91	0.01	0.02333	0.47949		AE
1998	0.91	0.92	0.01	0.02612	0.50561		AE
1998	0.92	0.93	0.01	0.02929	0.5349		AE
1998	0.93	0.94	0.01	0.03276	0.56766		AE
1998	0.94	0.95	0.01	0.03671	0.60437		AE
1998	0.95	0.96	0.01	0.04163	0.646		AE
1998	0.96	0.97	0.01	0.04763	0.69364		AE
1998	0.97	0.98	0.01	0.05646	0.7501		AE
1998	0.98	0.99	0.01	0.07152	0.82162		AE
1998	0.99	1	0.01	0.17838	1		AE
