year	low	high	width	share	cumul	# sptinc992j	country
2015	0	0.01	0.01	0.00005	0.00005		BR
2015	0.01	0.02	0.01	0.00016	0.00021		BR
2015	0.02	0.03	0.01	0.00021	0.00042		BR
2015	0.03	0.04	0.01	0.00022	0.00064		BR
2015	0.04	0.05	0.01	0.00022	0.00087		BR
2015	0.05	0.06	0.01	0.00023	0.0011		BR
2015	0.06	0.07	0.01	0.00024	0.00133		BR
2015	0.07	0.08	0.01	0.00024	0.00158		BR
2015	0.08	0.09	0.01	0.00025	0.00183		BR
2015	0.09	0.1	0.01	0.00026	0.00209		BR
2015	0.1	0.11	0.01	0.00036	0.00244		BR
2015	0.11	0.12	0.01	0.00062	0.00306		BR
2015	0.12	0.13	0.01	0.00095	0.00401		BR
2015	0.13	0.14	0.01	0.0013	0.00531		BR
2015	0.14	0.15	0.01	0.00163	0.00695		BR
2015	0.15	0.16	0.01	0.00188	0.00882		BR
2015	0.16	0.17	0.01	0.002	0.01082		BR
2015	0.17	0.18	0.01	0.00204	0.01286		BR
2015	0.18	0.19	0.01	0.00205	0.01492		BR
2015	0.19	0.2	0.01	0.00206	0.01698		BR
2015	0.2	0.21	0.01	0.00209	0.01907		BR
2015	0.21	0.22	0.01	0.00217	0.02124		BR
2015	0.22	0.23	0.01	0.0023	0.02354		BR
2015	0.23	0.24	0.01	0.00246	0.02599		BR
2015	0.24	0.25	0.01	0.00263	0.02863		BR
2015	0.25	0.26	0.01	0.00281	0.03144		BR
2015	0.26	0.27	0.01	0.00299	0.03443		BR
2015	0.27	0.28	0.01	0.00314	0.03757		BR
2015	0.28	0.29	0.01	0.00327	0.04083		BR
2015	0.29	0.3	0.01	0.00337	0.0442		BR
2015	0.3	0.31	0.01	0.00345	0.04765		BR
2015	0.31	0.32	0.01	0.00351	0.05116		BR
2015	0.32	0.33	0.01	0.00356	0.05471		BR
2015	0.33	0.34	0.01	0.00359	0.0583		BR
2015	0.34	0.35	0.01	0.00361	0.06191		BR
2015	0.35	0.36	0.01	0.00362	0.06554		BR
2015	0.36	0.37	0.01	0.00364	0.06917		BR
2015	0.37	0.38	0.01	0.00365	0.07283		BR
2015	0.38	0.39	0.01	0.00368	0.07651		BR
2015	0.39	0.4	0.01	0.00372	0.08022		BR
2015	0.4	0.41	0.01	0.00378	0.084		BR
2015	0.41	0.42	0.01	0.00386	0.08787		BR
2015	0.42	0.43	0.01	0.00396	0.09183		BR
2015	0.43	0.44	0.01	0.00407	0.0959		BR
2015	0.44	0.45	0.01	0.00418	0.10008		BR
2015	0.45	0.46	0.01	0.00429	0.10438		BR
2015	0.46	0.47	0.01	0.0044	0.10877		BR
2015	0.47	0.48	0.01	0.00449	0.11327		BR
2015	0.48	0.49	0.01	0.00458	0.11785		BR
2015	0.49	0.5	0.01	0.00467	0.12252		BR
2015	0.5	0.51	0.01	0.00477	0.12729		BR
2015	0.51	0.52	0.01	0.00487	0.13216		BR
2015	0.52	0.53	0.01	0.00498	0.13714		BR
2015	0.53	0.54	0.01	0.00509	0.14223		BR
2015	0.54	0.55	0.01	0.00521	0.14744		BR
2015	0.55	0.56	0.01	0.00533	0.15276		BR
2015	0.56	0.57	0.01	0.00545	0.15821		BR
2015	0.57	0.58	0.01	0.00557	0.16378		BR
2015	0.58	0.59	0.01	0.00569	0.16946		BR
2015	0.59	0.6	0.01	0.00582	0.17528		BR
2015	0.6	0.61	0.01	0.00595	0.18123		BR
2015	0.61	0.62	0.01	0.00611	0.18734		BR
2015	0.62	0.63	0.01	0.00627	0.1936		BR
2015	0.63	0.64	0.01	0.00643	0.20003		BR
2015	0.64	0.65	0.01	0.00659	0.20663		BR
2015	0.65	0.66	0.01	0.00675	0.21338		BR
2015	0.66	0.67	0.01	0.00691	0.22028		BR
2015	0.67	0.68	0.01	0.00705	0.22733		BR
2015	0.68	0.69	0.01	0.00719	0.23453		BR
2015	0.69	0.7	0.01	0.00733	0.24186		BR
2015	0.7	0.71	0.01	0.00749	0.24934		BR
2015	0.71	0.72	0.01	0.00766	0.257		BR
2015	0.72	0.73	0.01	0.00784	0.26484		BR
2015	0.73	0.74	0.01	0.00805	0.27289		BR
2015	0.74	0.75	0.01	0.00827	0.28116		BR
2015	0.75	0.76	0.01	0.0085	0.28967		BR
2015	0.76	0.77	0.01	0.00875	0.29842		BR
2015	0.77	0.78	0.01	0.00901	0.30743		BR
2015	0.78	0.79	0.01	0.00929	0.31672		BR
2015	0.79	0.8	0.01	0.00957	0.32629		BR
2015	0.8	0.81	0.01	0.00987	0.33616		BR
2015	0.81	0.82	0.01	0.01018	0.34634		BR
2015	0.82	0.83	0.01	0.01053	0.35687		BR
2015	0.83	0.84	0.01	0.01091	0.36778		BR
2015	0.84	0.85	0.01	0.01136	0.37914		BR
2015	0.85	0.86	0.01	0.0119	0.39104		BR
2015	0.86	0.87	0.01	0.01254	0.40358		BR
2015	0.87	0.88	0.01	0.01333	0.41691		BR
2015	0.88	0.89	0.01	0.0143	0.43121		BR
2015	0.89	0.9	0.01	0.01548	0.44669		BR
2015	0.9	0.91	0.01	0.01687	0.46356		BR
2015	0.91	0.92	0.01	0.0185	0.48206		BR
2015	0.92	0.93	0.01	0.02043	0.50249		BR
2015	0.93	0.94	0.01	0.02278	0.52526		BR
2015	0.94	0.95	0.01	0.02573	0.55099		BR
2015	0.95	0.96	0.01	0.02961	0.5806		BR
2015	0.96	0.97	0.01	0.03509	0.61569		BR
2015	0.97	0.98	0.01	0.04383	0.65952		BR
2015	0.98	0.99	0.01	0.06207	0.72159		BR
2015	0.99	0.991	0.001	0.0083	0.72989		BR
2015	0.991	0.992	0.001	0.00898	0.73886		BR
2015	0.992	0.993	0.001	0.00981	0.74867		BR
2015	0.993	0.994	0.001	0.01086	0.75954		BR
2015	0.994	0.995	0.001	0.01223	0.77177		BR
2015	0.995	0.996	0.001	0.01412	0.78588		BR
2015	0.996	0.997	0.001	0.0169	0.80279		BR
2015	0.997	0.998	0.001	0.02156	0.82435		BR
2015	0.998	0.999	0.001	0.03151	0.85586		BR
2015	0.999	0.9991	0.0001	0.00427	0.86013		BR
2015	0.9991	0.9992	0.0001	0.00462	0.86475		BR
2015	0.9992	0.9993	0.0001	0.00505	0.8698		BR
2015	0.9993	0.9994	0.0001	0.0056	0.87539		BR
2015	0.9994	0.9995	0.0001	0.00631	0.8817		BR
2015	0.9995	0.9996	0.0001	0.00729	0.88899		BR
2015	0.9996	0.9997	0.0001	0.00873	0.89772		BR
2015	0.9997	0.9998	0.0001	0.01115	0.90888		BR
2015	0.9998	0.9999	0.0001	0.01632	0.9252		BR
2015	0.9999	0.99991	0.00001	0.00221	0.92741		BR
2015	0.99991	0.99992	0.00001	0.00239	0.9298		BR
2015	0.99992	0.99993	0.00001	0.00262	0.93242		BR
2015	0.99993	0.99994	0.00001	0.0029	0.93532		BR
2015	0.99994	0.99995	0.00001	0.00327	0.93859		BR
2015	0.99995	0.99996	0.00001	0.00378	0.94237		BR
2015	0.99996	0.99997	0.00001	0.00453	0.9469		BR
2015	0.99997	0.99998	0.00001	0.00579	0.95269		BR
2015	0.99998	0.99999	0.00001	0.00847	0.96116		BR
2015	0.99999	1	0.00001	0.03884	1		BR
2014	0	0.01	0.01	0.00001	0.00001		BR
2014	0.01	0.02	0.01	0.00003	0.00004		BR
2014	0.02	0.03	0.01	0.00006	0.0001		BR
2014	0.03	0.04	0.01	0.0001	0.0002		BR
2014	0.04	0.05	0.01	0.00015	0.00035		BR
2014	0.05	0.06	0.01	0.00021	0.00055		BR
2014	0.06	0.07	0.01	0.00029	0.00084		BR
2014	0.07	0.08	0.01	0.00039	0.00123		BR
2014	0.08	0.09	0.01	0.00052	0.00175		BR
2014	0.09	0.1	0.01	0.00067	0.00241		BR
2014	0.1	0.11	0.01	0.00085	0.00326		BR
2014	0.11	0.12	0.01	0.00105	0.00431		BR
2014	0.12	0.13	0.01	0.00126	0.00557		BR
2014	0.13	0.14	0.01	0.00146	0.00703		BR
2014	0.14	0.15	0.01	0.00164	0.00868		BR
2014	0.15	0.16	0.01	0.0018	0.01048		BR
2014	0.16	0.17	0.01	0.00193	0.01241		BR
2014	0.17	0.18	0.01	0.00204	0.01445		BR
2014	0.18	0.19	0.01	0.00212	0.01657		BR
2014	0.19	0.2	0.01	0.0022	0.01878		BR
2014	0.2	0.21	0.01	0.0023	0.02107		BR
2014	0.21	0.22	0.01	0.00241	0.02348		BR
2014	0.22	0.23	0.01	0.00254	0.02603		BR
2014	0.23	0.24	0.01	0.00268	0.0287		BR
2014	0.24	0.25	0.01	0.00281	0.03151		BR
2014	0.25	0.26	0.01	0.00293	0.03443		BR
2014	0.26	0.27	0.01	0.00303	0.03746		BR
2014	0.27	0.28	0.01	0.00311	0.04058		BR
2014	0.28	0.29	0.01	0.00318	0.04376		BR
2014	0.29	0.3	0.01	0.00324	0.047		BR
2014	0.3	0.31	0.01	0.00329	0.05028		BR
2014	0.31	0.32	0.01	0.00334	0.05362		BR
2014	0.32	0.33	0.01	0.00339	0.057		BR
2014	0.33	0.34	0.01	0.00344	0.06044		BR
2014	0.34	0.35	0.01	0.00349	0.06393		BR
2014	0.35	0.36	0.01	0.00354	0.06747		BR
2014	0.36	0.37	0.01	0.0036	0.07106		BR
2014	0.37	0.38	0.01	0.00366	0.07472		BR
2014	0.38	0.39	0.01	0.00372	0.07844		BR
2014	0.39	0.4	0.01	0.00379	0.08223		BR
2014	0.4	0.41	0.01	0.00387	0.0861		BR
2014	0.41	0.42	0.01	0.00395	0.09005		BR
2014	0.42	0.43	0.01	0.00404	0.09409		BR
2014	0.43	0.44	0.01	0.00413	0.09822		BR
2014	0.44	0.45	0.01	0.00423	0.10245		BR
2014	0.45	0.46	0.01	0.00433	0.10678		BR
2014	0.46	0.47	0.01	0.00443	0.11121		BR
2014	0.47	0.48	0.01	0.00453	0.11574		BR
2014	0.48	0.49	0.01	0.00463	0.12037		BR
2014	0.49	0.5	0.01	0.00474	0.12511		BR
2014	0.5	0.51	0.01	0.00483	0.12995		BR
2014	0.51	0.52	0.01	0.00493	0.13488		BR
2014	0.52	0.53	0.01	0.00503	0.13991		BR
2014	0.53	0.54	0.01	0.00513	0.14504		BR
2014	0.54	0.55	0.01	0.00523	0.15027		BR
2014	0.55	0.56	0.01	0.00534	0.15561		BR
2014	0.56	0.57	0.01	0.00545	0.16107		BR
2014	0.57	0.58	0.01	0.00557	0.16664		BR
2014	0.58	0.59	0.01	0.0057	0.17234		BR
2014	0.59	0.6	0.01	0.00584	0.17817		BR
2014	0.6	0.61	0.01	0.00599	0.18416		BR
2014	0.61	0.62	0.01	0.00614	0.1903		BR
2014	0.62	0.63	0.01	0.0063	0.1966		BR
2014	0.63	0.64	0.01	0.00646	0.20306		BR
2014	0.64	0.65	0.01	0.00661	0.20967		BR
2014	0.65	0.66	0.01	0.00675	0.21643		BR
2014	0.66	0.67	0.01	0.00689	0.22331		BR
2014	0.67	0.68	0.01	0.00701	0.23033		BR
2014	0.68	0.69	0.01	0.00714	0.23746		BR
2014	0.69	0.7	0.01	0.00727	0.24473		BR
2014	0.7	0.71	0.01	0.00743	0.25216		BR
2014	0.71	0.72	0.01	0.00762	0.25978		BR
2014	0.72	0.73	0.01	0.00785	0.26762		BR
2014	0.73	0.74	0.01	0.00809	0.27572		BR
2014	0.74	0.75	0.01	0.00835	0.28407		BR
2014	0.75	0.76	0.01	0.00862	0.29269		BR
2014	0.76	0.77	0.01	0.00889	0.30159		BR
2014	0.77	0.78	0.01	0.00916	0.31074		BR
2014	0.78	0.79	0.01	0.00941	0.32015		BR
2014	0.79	0.8	0.01	0.00967	0.32982		BR
2014	0.8	0.81	0.01	0.00994	0.33976		BR
2014	0.81	0.82	0.01	0.01024	0.35		BR
2014	0.82	0.83	0.01	0.01058	0.36058		BR
2014	0.83	0.84	0.01	0.01098	0.37156		BR
2014	0.84	0.85	0.01	0.01144	0.383		BR
2014	0.85	0.86	0.01	0.01199	0.39498		BR
2014	0.86	0.87	0.01	0.01263	0.40762		BR
2014	0.87	0.88	0.01	0.0134	0.42102		BR
2014	0.88	0.89	0.01	0.01433	0.43535		BR
2014	0.89	0.9	0.01	0.01543	0.45078		BR
2014	0.9	0.91	0.01	0.01674	0.46751		BR
2014	0.91	0.92	0.01	0.01828	0.4858		BR
2014	0.92	0.93	0.01	0.02015	0.50594		BR
2014	0.93	0.94	0.01	0.02245	0.52839		BR
2014	0.94	0.95	0.01	0.02538	0.55377		BR
2014	0.95	0.96	0.01	0.02928	0.58305		BR
2014	0.96	0.97	0.01	0.03485	0.6179		BR
2014	0.97	0.98	0.01	0.04378	0.66168		BR
2014	0.98	0.99	0.01	0.06233	0.72401		BR
2014	0.99	0.991	0.001	0.00834	0.73235		BR
2014	0.991	0.992	0.001	0.00903	0.74137		BR
2014	0.992	0.993	0.001	0.00986	0.75124		BR
2014	0.993	0.994	0.001	0.01092	0.76216		BR
2014	0.994	0.995	0.001	0.0123	0.77445		BR
2014	0.995	0.996	0.001	0.01418	0.78864		BR
2014	0.996	0.997	0.001	0.01698	0.80561		BR
2014	0.997	0.998	0.001	0.02163	0.82725		BR
2014	0.998	0.999	0.001	0.03155	0.8588		BR
2014	0.999	0.9991	0.0001	0.00426	0.86306		BR
2014	0.9991	0.9992	0.0001	0.00461	0.86767		BR
2014	0.9992	0.9993	0.0001	0.00504	0.87271		BR
2014	0.9993	0.9994	0.0001	0.00558	0.87829		BR
2014	0.9994	0.9995	0.0001	0.00629	0.88458		BR
2014	0.9995	0.9996	0.0001	0.00725	0.89183		BR
2014	0.9996	0.9997	0.0001	0.00868	0.90051		BR
2014	0.9997	0.9998	0.0001	0.01107	0.91158		BR
2014	0.9998	0.9999	0.0001	0.01614	0.92772		BR
2014	0.9999	0.99991	0.00001	0.00218	0.9299		BR
2014	0.99991	0.99992	0.00001	0.00236	0.93226		BR
2014	0.99992	0.99993	0.00001	0.00258	0.93484		BR
2014	0.99993	0.99994	0.00001	0.00286	0.9377		BR
2014	0.99994	0.99995	0.00001	0.00322	0.94092		BR
2014	0.99995	0.99996	0.00001	0.00371	0.94463		BR
2014	0.99996	0.99997	0.00001	0.00444	0.94907		BR
2014	0.99997	0.99998	0.00001	0.00566	0.95474		BR
2014	0.99998	0.99999	0.00001	0.00826	0.963		BR
2014	0.99999	1	0.00001	0.037	1		BR
2013	0	0.01	0.01	0.00003	0.00003		BR
2013	0.01	0.02	0.01	0.00009	0.00012		BR
2013	0.02	0.03	0.01	0.00014	0.00025		BR
2013	0.03	0.04	0.01	0.00018	0.00043		BR
2013	0.04	0.05	0.01	0.00021	0.00064		BR
2013	0.05	0.06	0.01	0.00023	0.00087		BR
2013	0.06	0.07	0.01	0.00026	0.00113		BR
2013	0.07	0.08	0.01	0.00029	0.00142		BR
2013	0.08	0.09	0.01	0.00035	0.00177		BR
2013	0.09	0.1	0.01	0.00045	0.00222		BR
2013	0.1	0.11	0.01	0.00062	0.00285		BR
2013	0.11	0.12	0.01	0.00086	0.00371		BR
2013	0.12	0.13	0.01	0.00113	0.00484		BR
2013	0.13	0.14	0.01	0.00139	0.00622		BR
2013	0.14	0.15	0.01	0.00162	0.00785		BR
2013	0.15	0.16	0.01	0.00181	0.00965		BR
2013	0.16	0.17	0.01	0.00194	0.01159		BR
2013	0.17	0.18	0.01	0.00202	0.01361		BR
2013	0.18	0.19	0.01	0.00205	0.01566		BR
2013	0.19	0.2	0.01	0.00208	0.01774		BR
2013	0.2	0.21	0.01	0.00214	0.01989		BR
2013	0.21	0.22	0.01	0.00226	0.02215		BR
2013	0.22	0.23	0.01	0.00241	0.02456		BR
2013	0.23	0.24	0.01	0.00258	0.02714		BR
2013	0.24	0.25	0.01	0.00275	0.02989		BR
2013	0.25	0.26	0.01	0.00291	0.0328		BR
2013	0.26	0.27	0.01	0.00304	0.03584		BR
2013	0.27	0.28	0.01	0.00315	0.03899		BR
2013	0.28	0.29	0.01	0.00323	0.04222		BR
2013	0.29	0.3	0.01	0.00329	0.04551		BR
2013	0.3	0.31	0.01	0.00335	0.04886		BR
2013	0.31	0.32	0.01	0.0034	0.05226		BR
2013	0.32	0.33	0.01	0.00346	0.05572		BR
2013	0.33	0.34	0.01	0.00351	0.05923		BR
2013	0.34	0.35	0.01	0.00355	0.06278		BR
2013	0.35	0.36	0.01	0.00359	0.06638		BR
2013	0.36	0.37	0.01	0.00362	0.07		BR
2013	0.37	0.38	0.01	0.00365	0.07365		BR
2013	0.38	0.39	0.01	0.00368	0.07732		BR
2013	0.39	0.4	0.01	0.00372	0.08104		BR
2013	0.4	0.41	0.01	0.00378	0.08481		BR
2013	0.41	0.42	0.01	0.00386	0.08868		BR
2013	0.42	0.43	0.01	0.00397	0.09264		BR
2013	0.43	0.44	0.01	0.00408	0.09673		BR
2013	0.44	0.45	0.01	0.00421	0.10094		BR
2013	0.45	0.46	0.01	0.00433	0.10527		BR
2013	0.46	0.47	0.01	0.00445	0.10972		BR
2013	0.47	0.48	0.01	0.00456	0.11428		BR
2013	0.48	0.49	0.01	0.00466	0.11895		BR
2013	0.49	0.5	0.01	0.00476	0.12371		BR
2013	0.5	0.51	0.01	0.00485	0.12855		BR
2013	0.51	0.52	0.01	0.00493	0.13348		BR
2013	0.52	0.53	0.01	0.00502	0.1385		BR
2013	0.53	0.54	0.01	0.00511	0.14361		BR
2013	0.54	0.55	0.01	0.0052	0.14881		BR
2013	0.55	0.56	0.01	0.0053	0.15412		BR
2013	0.56	0.57	0.01	0.00541	0.15953		BR
2013	0.57	0.58	0.01	0.00553	0.16506		BR
2013	0.58	0.59	0.01	0.00566	0.17072		BR
2013	0.59	0.6	0.01	0.0058	0.17652		BR
2013	0.6	0.61	0.01	0.00595	0.18248		BR
2013	0.61	0.62	0.01	0.00612	0.18859		BR
2013	0.62	0.63	0.01	0.00628	0.19488		BR
2013	0.63	0.64	0.01	0.00645	0.20133		BR
2013	0.64	0.65	0.01	0.00661	0.20794		BR
2013	0.65	0.66	0.01	0.00677	0.21471		BR
2013	0.66	0.67	0.01	0.00691	0.22162		BR
2013	0.67	0.68	0.01	0.00705	0.22866		BR
2013	0.68	0.69	0.01	0.00718	0.23584		BR
2013	0.69	0.7	0.01	0.00731	0.24315		BR
2013	0.7	0.71	0.01	0.00747	0.25062		BR
2013	0.71	0.72	0.01	0.00765	0.25826		BR
2013	0.72	0.73	0.01	0.00785	0.26612		BR
2013	0.73	0.74	0.01	0.00808	0.2742		BR
2013	0.74	0.75	0.01	0.00832	0.28252		BR
2013	0.75	0.76	0.01	0.00857	0.2911		BR
2013	0.76	0.77	0.01	0.00883	0.29993		BR
2013	0.77	0.78	0.01	0.00909	0.30902		BR
2013	0.78	0.79	0.01	0.00936	0.31838		BR
2013	0.79	0.8	0.01	0.00963	0.328		BR
2013	0.8	0.81	0.01	0.00992	0.33792		BR
2013	0.81	0.82	0.01	0.01024	0.34817		BR
2013	0.82	0.83	0.01	0.01061	0.35878		BR
2013	0.83	0.84	0.01	0.01103	0.36981		BR
2013	0.84	0.85	0.01	0.0115	0.38131		BR
2013	0.85	0.86	0.01	0.01205	0.39335		BR
2013	0.86	0.87	0.01	0.01268	0.40603		BR
2013	0.87	0.88	0.01	0.01341	0.41944		BR
2013	0.88	0.89	0.01	0.01428	0.43372		BR
2013	0.89	0.9	0.01	0.01532	0.44904		BR
2013	0.9	0.91	0.01	0.01656	0.4656		BR
2013	0.91	0.92	0.01	0.01807	0.48366		BR
2013	0.92	0.93	0.01	0.01993	0.5036		BR
2013	0.93	0.94	0.01	0.02229	0.52588		BR
2013	0.94	0.95	0.01	0.02534	0.55123		BR
2013	0.95	0.96	0.01	0.02947	0.5807		BR
2013	0.96	0.97	0.01	0.03538	0.61608		BR
2013	0.97	0.98	0.01	0.04476	0.66084		BR
2013	0.98	0.99	0.01	0.06376	0.7246		BR
2013	0.99	0.991	0.001	0.00853	0.73313		BR
2013	0.991	0.992	0.001	0.00924	0.74237		BR
2013	0.992	0.993	0.001	0.0101	0.75247		BR
2013	0.993	0.994	0.001	0.01119	0.76367		BR
2013	0.994	0.995	0.001	0.01261	0.77627		BR
2013	0.995	0.996	0.001	0.01454	0.79081		BR
2013	0.996	0.997	0.001	0.01739	0.80821		BR
2013	0.997	0.998	0.001	0.02213	0.83033		BR
2013	0.998	0.999	0.001	0.03215	0.86248		BR
2013	0.999	0.9991	0.0001	0.00433	0.86681		BR
2013	0.9991	0.9992	0.0001	0.00468	0.87149		BR
2013	0.9992	0.9993	0.0001	0.00511	0.8766		BR
2013	0.9993	0.9994	0.0001	0.00565	0.88224		BR
2013	0.9994	0.9995	0.0001	0.00635	0.88859		BR
2013	0.9995	0.9996	0.0001	0.00731	0.8959		BR
2013	0.9996	0.9997	0.0001	0.00872	0.90462		BR
2013	0.9997	0.9998	0.0001	0.01107	0.91568		BR
2013	0.9998	0.9999	0.0001	0.01604	0.93172		BR
2013	0.9999	0.99991	0.00001	0.00216	0.93388		BR
2013	0.99991	0.99992	0.00001	0.00233	0.93621		BR
2013	0.99992	0.99993	0.00001	0.00254	0.93875		BR
2013	0.99993	0.99994	0.00001	0.00281	0.94156		BR
2013	0.99994	0.99995	0.00001	0.00316	0.94471		BR
2013	0.99995	0.99996	0.00001	0.00363	0.94835		BR
2013	0.99996	0.99997	0.00001	0.00433	0.95268		BR
2013	0.99997	0.99998	0.00001	0.0055	0.95818		BR
2013	0.99998	0.99999	0.00001	0.00796	0.96614		BR
2013	0.99999	1	0.00001	0.03386	1		BR
2012	0	0.01	0.01	0.00001	0.00001		BR
2012	0.01	0.02	0.01	0.00003	0.00004		BR
2012	0.02	0.03	0.01	0.00005	0.00009		BR
2012	0.03	0.04	0.01	0.00008	0.00017		BR
2012	0.04	0.05	0.01	0.00013	0.0003		BR
2012	0.05	0.06	0.01	0.00018	0.00048		BR
2012	0.06	0.07	0.01	0.00026	0.00074		BR
2012	0.07	0.08	0.01	0.00036	0.0011		BR
2012	0.08	0.09	0.01	0.00048	0.00157		BR
2012	0.09	0.1	0.01	0.00062	0.0022		BR
2012	0.1	0.11	0.01	0.0008	0.00299		BR
2012	0.11	0.12	0.01	0.00099	0.00399		BR
2012	0.12	0.13	0.01	0.0012	0.00519		BR
2012	0.13	0.14	0.01	0.00139	0.00658		BR
2012	0.14	0.15	0.01	0.00157	0.00815		BR
2012	0.15	0.16	0.01	0.00172	0.00987		BR
2012	0.16	0.17	0.01	0.00185	0.01172		BR
2012	0.17	0.18	0.01	0.00194	0.01366		BR
2012	0.18	0.19	0.01	0.00202	0.01568		BR
2012	0.19	0.2	0.01	0.00209	0.01778		BR
2012	0.2	0.21	0.01	0.00218	0.01995		BR
2012	0.21	0.22	0.01	0.00228	0.02224		BR
2012	0.22	0.23	0.01	0.00241	0.02464		BR
2012	0.23	0.24	0.01	0.00254	0.02718		BR
2012	0.24	0.25	0.01	0.00267	0.02985		BR
2012	0.25	0.26	0.01	0.0028	0.03265		BR
2012	0.26	0.27	0.01	0.00292	0.03557		BR
2012	0.27	0.28	0.01	0.00303	0.0386		BR
2012	0.28	0.29	0.01	0.00312	0.04172		BR
2012	0.29	0.3	0.01	0.0032	0.04492		BR
2012	0.3	0.31	0.01	0.00326	0.04818		BR
2012	0.31	0.32	0.01	0.00332	0.0515		BR
2012	0.32	0.33	0.01	0.00337	0.05487		BR
2012	0.33	0.34	0.01	0.00341	0.05829		BR
2012	0.34	0.35	0.01	0.00345	0.06173		BR
2012	0.35	0.36	0.01	0.00348	0.06522		BR
2012	0.36	0.37	0.01	0.00351	0.06873		BR
2012	0.37	0.38	0.01	0.00355	0.07228		BR
2012	0.38	0.39	0.01	0.00359	0.07586		BR
2012	0.39	0.4	0.01	0.00363	0.0795		BR
2012	0.4	0.41	0.01	0.0037	0.08319		BR
2012	0.41	0.42	0.01	0.00378	0.08697		BR
2012	0.42	0.43	0.01	0.00387	0.09084		BR
2012	0.43	0.44	0.01	0.00397	0.09481		BR
2012	0.44	0.45	0.01	0.00408	0.09889		BR
2012	0.45	0.46	0.01	0.00419	0.10309		BR
2012	0.46	0.47	0.01	0.0043	0.10739		BR
2012	0.47	0.48	0.01	0.00442	0.11181		BR
2012	0.48	0.49	0.01	0.00452	0.11633		BR
2012	0.49	0.5	0.01	0.00462	0.12095		BR
2012	0.5	0.51	0.01	0.00472	0.12568		BR
2012	0.51	0.52	0.01	0.00482	0.1305		BR
2012	0.52	0.53	0.01	0.00491	0.13541		BR
2012	0.53	0.54	0.01	0.005	0.14041		BR
2012	0.54	0.55	0.01	0.0051	0.1455		BR
2012	0.55	0.56	0.01	0.00519	0.15069		BR
2012	0.56	0.57	0.01	0.00529	0.15598		BR
2012	0.57	0.58	0.01	0.0054	0.16138		BR
2012	0.58	0.59	0.01	0.00551	0.16689		BR
2012	0.59	0.6	0.01	0.00563	0.17252		BR
2012	0.6	0.61	0.01	0.00577	0.1783		BR
2012	0.61	0.62	0.01	0.00593	0.18422		BR
2012	0.62	0.63	0.01	0.00609	0.19031		BR
2012	0.63	0.64	0.01	0.00625	0.19656		BR
2012	0.64	0.65	0.01	0.00642	0.20298		BR
2012	0.65	0.66	0.01	0.00659	0.20957		BR
2012	0.66	0.67	0.01	0.00675	0.21633		BR
2012	0.67	0.68	0.01	0.00691	0.22324		BR
2012	0.68	0.69	0.01	0.00706	0.2303		BR
2012	0.69	0.7	0.01	0.00721	0.23751		BR
2012	0.7	0.71	0.01	0.00736	0.24486		BR
2012	0.71	0.72	0.01	0.00752	0.25238		BR
2012	0.72	0.73	0.01	0.00769	0.26007		BR
2012	0.73	0.74	0.01	0.00788	0.26795		BR
2012	0.74	0.75	0.01	0.00809	0.27603		BR
2012	0.75	0.76	0.01	0.00832	0.28436		BR
2012	0.76	0.77	0.01	0.00859	0.29294		BR
2012	0.77	0.78	0.01	0.00888	0.30182		BR
2012	0.78	0.79	0.01	0.0092	0.31102		BR
2012	0.79	0.8	0.01	0.00953	0.32054		BR
2012	0.8	0.81	0.01	0.00986	0.3304		BR
2012	0.81	0.82	0.01	0.01018	0.34058		BR
2012	0.82	0.83	0.01	0.01051	0.35109		BR
2012	0.83	0.84	0.01	0.01087	0.36196		BR
2012	0.84	0.85	0.01	0.01129	0.37325		BR
2012	0.85	0.86	0.01	0.01182	0.38507		BR
2012	0.86	0.87	0.01	0.01249	0.39756		BR
2012	0.87	0.88	0.01	0.01336	0.41092		BR
2012	0.88	0.89	0.01	0.01447	0.42539		BR
2012	0.89	0.9	0.01	0.01586	0.44125		BR
2012	0.9	0.91	0.01	0.01749	0.45874		BR
2012	0.91	0.92	0.01	0.01934	0.47808		BR
2012	0.92	0.93	0.01	0.02145	0.49953		BR
2012	0.93	0.94	0.01	0.02393	0.52346		BR
2012	0.94	0.95	0.01	0.02695	0.55042		BR
2012	0.95	0.96	0.01	0.03084	0.58126		BR
2012	0.96	0.97	0.01	0.0363	0.61756		BR
2012	0.97	0.98	0.01	0.04518	0.66274		BR
2012	0.98	0.99	0.01	0.06457	0.72731		BR
2012	0.99	0.991	0.001	0.00869	0.736		BR
2012	0.991	0.992	0.001	0.0094	0.74539		BR
2012	0.992	0.993	0.001	0.01026	0.75566		BR
2012	0.993	0.994	0.001	0.01135	0.76701		BR
2012	0.994	0.995	0.001	0.01276	0.77977		BR
2012	0.995	0.996	0.001	0.0147	0.79447		BR
2012	0.996	0.997	0.001	0.01754	0.81201		BR
2012	0.997	0.998	0.001	0.02225	0.83426		BR
2012	0.998	0.999	0.001	0.03217	0.86643		BR
2012	0.999	0.9991	0.0001	0.00432	0.87074		BR
2012	0.9991	0.9992	0.0001	0.00466	0.8754		BR
2012	0.9992	0.9993	0.0001	0.00508	0.88049		BR
2012	0.9993	0.9994	0.0001	0.00561	0.8861		BR
2012	0.9994	0.9995	0.0001	0.0063	0.8924		BR
2012	0.9995	0.9996	0.0001	0.00724	0.89964		BR
2012	0.9996	0.9997	0.0001	0.00862	0.90826		BR
2012	0.9997	0.9998	0.0001	0.01091	0.91918		BR
2012	0.9998	0.9999	0.0001	0.01574	0.93492		BR
2012	0.9999	0.99991	0.00001	0.00211	0.93703		BR
2012	0.99991	0.99992	0.00001	0.00228	0.9393		BR
2012	0.99992	0.99993	0.00001	0.00248	0.94178		BR
2012	0.99993	0.99994	0.00001	0.00274	0.94452		BR
2012	0.99994	0.99995	0.00001	0.00307	0.9476		BR
2012	0.99995	0.99996	0.00001	0.00353	0.95113		BR
2012	0.99996	0.99997	0.00001	0.0042	0.95533		BR
2012	0.99997	0.99998	0.00001	0.00532	0.96065		BR
2012	0.99998	0.99999	0.00001	0.00767	0.96832		BR
2012	0.99999	1	0.00001	0.03168	1		BR
2011	0	0.01	0.01	0.00001	0.00001		BR
2011	0.01	0.02	0.01	0.00004	0.00005		BR
2011	0.02	0.03	0.01	0.00007	0.00012		BR
2011	0.03	0.04	0.01	0.0001	0.00022		BR
2011	0.04	0.05	0.01	0.00014	0.00037		BR
2011	0.05	0.06	0.01	0.00019	0.00056		BR
2011	0.06	0.07	0.01	0.00026	0.00081		BR
2011	0.07	0.08	0.01	0.00034	0.00115		BR
2011	0.08	0.09	0.01	0.00044	0.00159		BR
2011	0.09	0.1	0.01	0.00058	0.00217		BR
2011	0.1	0.11	0.01	0.00075	0.00291		BR
2011	0.11	0.12	0.01	0.00095	0.00386		BR
2011	0.12	0.13	0.01	0.00116	0.00501		BR
2011	0.13	0.14	0.01	0.00136	0.00638		BR
2011	0.14	0.15	0.01	0.00155	0.00792		BR
2011	0.15	0.16	0.01	0.0017	0.00963		BR
2011	0.16	0.17	0.01	0.00183	0.01145		BR
2011	0.17	0.18	0.01	0.00192	0.01337		BR
2011	0.18	0.19	0.01	0.00199	0.01536		BR
2011	0.19	0.2	0.01	0.00205	0.01741		BR
2011	0.2	0.21	0.01	0.00213	0.01954		BR
2011	0.21	0.22	0.01	0.00223	0.02176		BR
2011	0.22	0.23	0.01	0.00235	0.02411		BR
2011	0.23	0.24	0.01	0.00248	0.0266		BR
2011	0.24	0.25	0.01	0.00262	0.02921		BR
2011	0.25	0.26	0.01	0.00274	0.03196		BR
2011	0.26	0.27	0.01	0.00286	0.03482		BR
2011	0.27	0.28	0.01	0.00297	0.03778		BR
2011	0.28	0.29	0.01	0.00305	0.04084		BR
2011	0.29	0.3	0.01	0.00313	0.04397		BR
2011	0.3	0.31	0.01	0.00319	0.04716		BR
2011	0.31	0.32	0.01	0.00325	0.05041		BR
2011	0.32	0.33	0.01	0.0033	0.05372		BR
2011	0.33	0.34	0.01	0.00335	0.05707		BR
2011	0.34	0.35	0.01	0.00338	0.06045		BR
2011	0.35	0.36	0.01	0.00341	0.06386		BR
2011	0.36	0.37	0.01	0.00344	0.0673		BR
2011	0.37	0.38	0.01	0.00347	0.07077		BR
2011	0.38	0.39	0.01	0.0035	0.07427		BR
2011	0.39	0.4	0.01	0.00354	0.07781		BR
2011	0.4	0.41	0.01	0.0036	0.08141		BR
2011	0.41	0.42	0.01	0.00369	0.0851		BR
2011	0.42	0.43	0.01	0.00379	0.08889		BR
2011	0.43	0.44	0.01	0.0039	0.09279		BR
2011	0.44	0.45	0.01	0.00402	0.09682		BR
2011	0.45	0.46	0.01	0.00414	0.10096		BR
2011	0.46	0.47	0.01	0.00426	0.10521		BR
2011	0.47	0.48	0.01	0.00436	0.10958		BR
2011	0.48	0.49	0.01	0.00446	0.11404		BR
2011	0.49	0.5	0.01	0.00455	0.11858		BR
2011	0.5	0.51	0.01	0.00463	0.12321		BR
2011	0.51	0.52	0.01	0.00471	0.12792		BR
2011	0.52	0.53	0.01	0.00479	0.13271		BR
2011	0.53	0.54	0.01	0.00488	0.13758		BR
2011	0.54	0.55	0.01	0.00497	0.14256		BR
2011	0.55	0.56	0.01	0.00508	0.14764		BR
2011	0.56	0.57	0.01	0.00521	0.15285		BR
2011	0.57	0.58	0.01	0.00535	0.15819		BR
2011	0.58	0.59	0.01	0.00549	0.16369		BR
2011	0.59	0.6	0.01	0.00565	0.16933		BR
2011	0.6	0.61	0.01	0.00579	0.17512		BR
2011	0.61	0.62	0.01	0.00592	0.18104		BR
2011	0.62	0.63	0.01	0.00604	0.18709		BR
2011	0.63	0.64	0.01	0.00617	0.19325		BR
2011	0.64	0.65	0.01	0.00629	0.19954		BR
2011	0.65	0.66	0.01	0.00642	0.20596		BR
2011	0.66	0.67	0.01	0.00656	0.21251		BR
2011	0.67	0.68	0.01	0.00671	0.21922		BR
2011	0.68	0.69	0.01	0.00687	0.22609		BR
2011	0.69	0.7	0.01	0.00705	0.23315		BR
2011	0.7	0.71	0.01	0.00724	0.24038		BR
2011	0.71	0.72	0.01	0.00743	0.24781		BR
2011	0.72	0.73	0.01	0.00763	0.25544		BR
2011	0.73	0.74	0.01	0.00783	0.26327		BR
2011	0.74	0.75	0.01	0.00805	0.27132		BR
2011	0.75	0.76	0.01	0.00829	0.27961		BR
2011	0.76	0.77	0.01	0.00854	0.28814		BR
2011	0.77	0.78	0.01	0.0088	0.29695		BR
2011	0.78	0.79	0.01	0.00909	0.30604		BR
2011	0.79	0.8	0.01	0.00939	0.31543		BR
2011	0.8	0.81	0.01	0.0097	0.32513		BR
2011	0.81	0.82	0.01	0.01003	0.33516		BR
2011	0.82	0.83	0.01	0.01037	0.34553		BR
2011	0.83	0.84	0.01	0.01075	0.35628		BR
2011	0.84	0.85	0.01	0.01119	0.36748		BR
2011	0.85	0.86	0.01	0.01171	0.37919		BR
2011	0.86	0.87	0.01	0.01235	0.39154		BR
2011	0.87	0.88	0.01	0.01313	0.40467		BR
2011	0.88	0.89	0.01	0.0141	0.41877		BR
2011	0.89	0.9	0.01	0.01529	0.43406		BR
2011	0.9	0.91	0.01	0.0167	0.45076		BR
2011	0.91	0.92	0.01	0.01835	0.46911		BR
2011	0.92	0.93	0.01	0.02031	0.48942		BR
2011	0.93	0.94	0.01	0.02271	0.51213		BR
2011	0.94	0.95	0.01	0.02573	0.53786		BR
2011	0.95	0.96	0.01	0.02973	0.56759		BR
2011	0.96	0.97	0.01	0.03542	0.60301		BR
2011	0.97	0.98	0.01	0.04463	0.64764		BR
2011	0.98	0.99	0.01	0.06412	0.71175		BR
2011	0.99	0.991	0.001	0.00865	0.7204		BR
2011	0.991	0.992	0.001	0.00937	0.72977		BR
2011	0.992	0.993	0.001	0.01025	0.74002		BR
2011	0.993	0.994	0.001	0.01137	0.75139		BR
2011	0.994	0.995	0.001	0.01282	0.76421		BR
2011	0.995	0.996	0.001	0.01481	0.77902		BR
2011	0.996	0.997	0.001	0.01775	0.79677		BR
2011	0.997	0.998	0.001	0.02266	0.81943		BR
2011	0.998	0.999	0.001	0.03309	0.85252		BR
2011	0.999	0.9991	0.0001	0.00447	0.857		BR
2011	0.9991	0.9992	0.0001	0.00484	0.86184		BR
2011	0.9992	0.9993	0.0001	0.00529	0.86713		BR
2011	0.9993	0.9994	0.0001	0.00586	0.87299		BR
2011	0.9994	0.9995	0.0001	0.0066	0.87958		BR
2011	0.9995	0.9996	0.0001	0.00761	0.8872		BR
2011	0.9996	0.9997	0.0001	0.00911	0.89631		BR
2011	0.9997	0.9998	0.0001	0.01161	0.90792		BR
2011	0.9998	0.9999	0.0001	0.01692	0.92484		BR
2011	0.9999	0.99991	0.00001	0.00228	0.92712		BR
2011	0.99991	0.99992	0.00001	0.00247	0.92959		BR
2011	0.99992	0.99993	0.00001	0.0027	0.93229		BR
2011	0.99993	0.99994	0.00001	0.00299	0.93528		BR
2011	0.99994	0.99995	0.00001	0.00337	0.93865		BR
2011	0.99995	0.99996	0.00001	0.00388	0.94253		BR
2011	0.99996	0.99997	0.00001	0.00465	0.94718		BR
2011	0.99997	0.99998	0.00001	0.00592	0.9531		BR
2011	0.99998	0.99999	0.00001	0.00862	0.96172		BR
2011	0.99999	1	0.00001	0.03828	1		BR
2010	0	0.01	0.01	0.00001	0.00001		BR
2010	0.01	0.02	0.01	0.00003	0.00004		BR
2010	0.02	0.03	0.01	0.00006	0.00011		BR
2010	0.03	0.04	0.01	0.00009	0.0002		BR
2010	0.04	0.05	0.01	0.00014	0.00034		BR
2010	0.05	0.06	0.01	0.00019	0.00053		BR
2010	0.06	0.07	0.01	0.00026	0.00079		BR
2010	0.07	0.08	0.01	0.00035	0.00114		BR
2010	0.08	0.09	0.01	0.00046	0.0016		BR
2010	0.09	0.1	0.01	0.00061	0.00221		BR
2010	0.1	0.11	0.01	0.00078	0.00299		BR
2010	0.11	0.12	0.01	0.00098	0.00396		BR
2010	0.12	0.13	0.01	0.00119	0.00515		BR
2010	0.13	0.14	0.01	0.00139	0.00653		BR
2010	0.14	0.15	0.01	0.00157	0.0081		BR
2010	0.15	0.16	0.01	0.00172	0.00982		BR
2010	0.16	0.17	0.01	0.00184	0.01166		BR
2010	0.17	0.18	0.01	0.00193	0.01359		BR
2010	0.18	0.19	0.01	0.002	0.01559		BR
2010	0.19	0.2	0.01	0.00206	0.01765		BR
2010	0.2	0.21	0.01	0.00213	0.01978		BR
2010	0.21	0.22	0.01	0.00223	0.02201		BR
2010	0.22	0.23	0.01	0.00235	0.02436		BR
2010	0.23	0.24	0.01	0.00248	0.02684		BR
2010	0.24	0.25	0.01	0.00261	0.02945		BR
2010	0.25	0.26	0.01	0.00275	0.0322		BR
2010	0.26	0.27	0.01	0.00287	0.03507		BR
2010	0.27	0.28	0.01	0.00299	0.03807		BR
2010	0.28	0.29	0.01	0.0031	0.04116		BR
2010	0.29	0.3	0.01	0.00319	0.04435		BR
2010	0.3	0.31	0.01	0.00327	0.04762		BR
2010	0.31	0.32	0.01	0.00334	0.05096		BR
2010	0.32	0.33	0.01	0.0034	0.05436		BR
2010	0.33	0.34	0.01	0.00345	0.05781		BR
2010	0.34	0.35	0.01	0.00348	0.06129		BR
2010	0.35	0.36	0.01	0.00351	0.0648		BR
2010	0.36	0.37	0.01	0.00353	0.06833		BR
2010	0.37	0.38	0.01	0.00355	0.07189		BR
2010	0.38	0.39	0.01	0.00358	0.07547		BR
2010	0.39	0.4	0.01	0.00361	0.07908		BR
2010	0.4	0.41	0.01	0.00367	0.08275		BR
2010	0.41	0.42	0.01	0.00376	0.08651		BR
2010	0.42	0.43	0.01	0.00386	0.09037		BR
2010	0.43	0.44	0.01	0.00397	0.09434		BR
2010	0.44	0.45	0.01	0.00409	0.09843		BR
2010	0.45	0.46	0.01	0.00421	0.10265		BR
2010	0.46	0.47	0.01	0.00433	0.10697		BR
2010	0.47	0.48	0.01	0.00444	0.11141		BR
2010	0.48	0.49	0.01	0.00454	0.11595		BR
2010	0.49	0.5	0.01	0.00463	0.12058		BR
2010	0.5	0.51	0.01	0.00471	0.12529		BR
2010	0.51	0.52	0.01	0.0048	0.13009		BR
2010	0.52	0.53	0.01	0.00489	0.13498		BR
2010	0.53	0.54	0.01	0.00499	0.13997		BR
2010	0.54	0.55	0.01	0.00509	0.14506		BR
2010	0.55	0.56	0.01	0.0052	0.15026		BR
2010	0.56	0.57	0.01	0.00532	0.15558		BR
2010	0.57	0.58	0.01	0.00545	0.16103		BR
2010	0.58	0.59	0.01	0.00559	0.16662		BR
2010	0.59	0.6	0.01	0.00574	0.17236		BR
2010	0.6	0.61	0.01	0.00589	0.17825		BR
2010	0.61	0.62	0.01	0.00604	0.18429		BR
2010	0.62	0.63	0.01	0.00619	0.19048		BR
2010	0.63	0.64	0.01	0.00633	0.19681		BR
2010	0.64	0.65	0.01	0.00647	0.20328		BR
2010	0.65	0.66	0.01	0.00662	0.2099		BR
2010	0.66	0.67	0.01	0.00676	0.21666		BR
2010	0.67	0.68	0.01	0.0069	0.22356		BR
2010	0.68	0.69	0.01	0.00705	0.23061		BR
2010	0.69	0.7	0.01	0.00721	0.23782		BR
2010	0.7	0.71	0.01	0.00738	0.2452		BR
2010	0.71	0.72	0.01	0.00758	0.25278		BR
2010	0.72	0.73	0.01	0.00779	0.26057		BR
2010	0.73	0.74	0.01	0.00802	0.2686		BR
2010	0.74	0.75	0.01	0.00827	0.27686		BR
2010	0.75	0.76	0.01	0.00853	0.28539		BR
2010	0.76	0.77	0.01	0.0088	0.29419		BR
2010	0.77	0.78	0.01	0.00908	0.30327		BR
2010	0.78	0.79	0.01	0.00938	0.31264		BR
2010	0.79	0.8	0.01	0.00968	0.32233		BR
2010	0.8	0.81	0.01	0.01001	0.33234		BR
2010	0.81	0.82	0.01	0.01037	0.34271		BR
2010	0.82	0.83	0.01	0.01076	0.35347		BR
2010	0.83	0.84	0.01	0.01119	0.36466		BR
2010	0.84	0.85	0.01	0.01166	0.37633		BR
2010	0.85	0.86	0.01	0.0122	0.38853		BR
2010	0.86	0.87	0.01	0.01281	0.40133		BR
2010	0.87	0.88	0.01	0.01351	0.41484		BR
2010	0.88	0.89	0.01	0.01433	0.42917		BR
2010	0.89	0.9	0.01	0.01531	0.44448		BR
2010	0.9	0.91	0.01	0.01651	0.46099		BR
2010	0.91	0.92	0.01	0.01799	0.47898		BR
2010	0.92	0.93	0.01	0.01987	0.49885		BR
2010	0.93	0.94	0.01	0.02228	0.52113		BR
2010	0.94	0.95	0.01	0.02544	0.54657		BR
2010	0.95	0.96	0.01	0.02974	0.57631		BR
2010	0.96	0.97	0.01	0.0359	0.61221		BR
2010	0.97	0.98	0.01	0.04554	0.65775		BR
2010	0.98	0.99	0.01	0.06465	0.7224		BR
2010	0.99	0.991	0.001	0.00864	0.73104		BR
2010	0.991	0.992	0.001	0.00936	0.74039		BR
2010	0.992	0.993	0.001	0.01023	0.75063		BR
2010	0.993	0.994	0.001	0.01134	0.76197		BR
2010	0.994	0.995	0.001	0.01278	0.77474		BR
2010	0.995	0.996	0.001	0.01474	0.78949		BR
2010	0.996	0.997	0.001	0.01764	0.80712		BR
2010	0.997	0.998	0.001	0.02244	0.82956		BR
2010	0.998	0.999	0.001	0.03258	0.86214		BR
2010	0.999	0.9991	0.0001	0.00438	0.86653		BR
2010	0.9991	0.9992	0.0001	0.00474	0.87126		BR
2010	0.9992	0.9993	0.0001	0.00517	0.87643		BR
2010	0.9993	0.9994	0.0001	0.00571	0.88214		BR
2010	0.9994	0.9995	0.0001	0.00642	0.88856		BR
2010	0.9995	0.9996	0.0001	0.00739	0.89595		BR
2010	0.9996	0.9997	0.0001	0.00881	0.90476		BR
2010	0.9997	0.9998	0.0001	0.01117	0.91593		BR
2010	0.9998	0.9999	0.0001	0.01616	0.93208		BR
2010	0.9999	0.99991	0.00001	0.00217	0.93425		BR
2010	0.99991	0.99992	0.00001	0.00234	0.93659		BR
2010	0.99992	0.99993	0.00001	0.00256	0.93915		BR
2010	0.99993	0.99994	0.00001	0.00282	0.94197		BR
2010	0.99994	0.99995	0.00001	0.00317	0.94514		BR
2010	0.99995	0.99996	0.00001	0.00365	0.94879		BR
2010	0.99996	0.99997	0.00001	0.00434	0.95313		BR
2010	0.99997	0.99998	0.00001	0.00551	0.95864		BR
2010	0.99998	0.99999	0.00001	0.00796	0.96659		BR
2010	0.99999	1	0.00001	0.03341	1		BR
2009	0	0.01	0.01	0	0		BR
2009	0.01	0.02	0.01	0.00001	0.00002		BR
2009	0.02	0.03	0.01	0.00003	0.00005		BR
2009	0.03	0.04	0.01	0.00006	0.00011		BR
2009	0.04	0.05	0.01	0.0001	0.0002		BR
2009	0.05	0.06	0.01	0.00015	0.00036		BR
2009	0.06	0.07	0.01	0.00023	0.00059		BR
2009	0.07	0.08	0.01	0.00033	0.00092		BR
2009	0.08	0.09	0.01	0.00045	0.00137		BR
2009	0.09	0.1	0.01	0.0006	0.00197		BR
2009	0.1	0.11	0.01	0.00078	0.00275		BR
2009	0.11	0.12	0.01	0.00098	0.00373		BR
2009	0.12	0.13	0.01	0.00118	0.00491		BR
2009	0.13	0.14	0.01	0.00137	0.00627		BR
2009	0.14	0.15	0.01	0.00154	0.00781		BR
2009	0.15	0.16	0.01	0.00168	0.0095		BR
2009	0.16	0.17	0.01	0.0018	0.01129		BR
2009	0.17	0.18	0.01	0.00188	0.01318		BR
2009	0.18	0.19	0.01	0.00195	0.01513		BR
2009	0.19	0.2	0.01	0.00201	0.01713		BR
2009	0.2	0.21	0.01	0.00208	0.01921		BR
2009	0.21	0.22	0.01	0.00217	0.02138		BR
2009	0.22	0.23	0.01	0.00228	0.02366		BR
2009	0.23	0.24	0.01	0.00241	0.02607		BR
2009	0.24	0.25	0.01	0.00254	0.02861		BR
2009	0.25	0.26	0.01	0.00268	0.03128		BR
2009	0.26	0.27	0.01	0.00281	0.03409		BR
2009	0.27	0.28	0.01	0.00294	0.03703		BR
2009	0.28	0.29	0.01	0.00306	0.0401		BR
2009	0.29	0.3	0.01	0.00318	0.04327		BR
2009	0.3	0.31	0.01	0.00327	0.04655		BR
2009	0.31	0.32	0.01	0.00336	0.04991		BR
2009	0.32	0.33	0.01	0.00343	0.05333		BR
2009	0.33	0.34	0.01	0.00348	0.05681		BR
2009	0.34	0.35	0.01	0.00352	0.06033		BR
2009	0.35	0.36	0.01	0.00354	0.06387		BR
2009	0.36	0.37	0.01	0.00356	0.06743		BR
2009	0.37	0.38	0.01	0.00357	0.07099		BR
2009	0.38	0.39	0.01	0.00358	0.07457		BR
2009	0.39	0.4	0.01	0.00361	0.07818		BR
2009	0.4	0.41	0.01	0.00366	0.08184		BR
2009	0.41	0.42	0.01	0.00374	0.08557		BR
2009	0.42	0.43	0.01	0.00384	0.08941		BR
2009	0.43	0.44	0.01	0.00395	0.09336		BR
2009	0.44	0.45	0.01	0.00407	0.09743		BR
2009	0.45	0.46	0.01	0.00419	0.10162		BR
2009	0.46	0.47	0.01	0.0043	0.10592		BR
2009	0.47	0.48	0.01	0.00441	0.11033		BR
2009	0.48	0.49	0.01	0.00451	0.11484		BR
2009	0.49	0.5	0.01	0.0046	0.11944		BR
2009	0.5	0.51	0.01	0.00469	0.12414		BR
2009	0.51	0.52	0.01	0.00479	0.12893		BR
2009	0.52	0.53	0.01	0.00489	0.13382		BR
2009	0.53	0.54	0.01	0.00499	0.13881		BR
2009	0.54	0.55	0.01	0.0051	0.14391		BR
2009	0.55	0.56	0.01	0.00521	0.14912		BR
2009	0.56	0.57	0.01	0.00532	0.15444		BR
2009	0.57	0.58	0.01	0.00544	0.15988		BR
2009	0.58	0.59	0.01	0.00557	0.16545		BR
2009	0.59	0.6	0.01	0.00571	0.17116		BR
2009	0.6	0.61	0.01	0.00586	0.17702		BR
2009	0.61	0.62	0.01	0.00602	0.18305		BR
2009	0.62	0.63	0.01	0.0062	0.18924		BR
2009	0.63	0.64	0.01	0.00637	0.19561		BR
2009	0.64	0.65	0.01	0.00653	0.20214		BR
2009	0.65	0.66	0.01	0.00669	0.20883		BR
2009	0.66	0.67	0.01	0.00683	0.21566		BR
2009	0.67	0.68	0.01	0.00696	0.22261		BR
2009	0.68	0.69	0.01	0.00708	0.22969		BR
2009	0.69	0.7	0.01	0.00721	0.2369		BR
2009	0.7	0.71	0.01	0.00736	0.24427		BR
2009	0.71	0.72	0.01	0.00756	0.25183		BR
2009	0.72	0.73	0.01	0.00779	0.25961		BR
2009	0.73	0.74	0.01	0.00804	0.26765		BR
2009	0.74	0.75	0.01	0.00832	0.27597		BR
2009	0.75	0.76	0.01	0.00861	0.28458		BR
2009	0.76	0.77	0.01	0.0089	0.29348		BR
2009	0.77	0.78	0.01	0.0092	0.30268		BR
2009	0.78	0.79	0.01	0.0095	0.31217		BR
2009	0.79	0.8	0.01	0.00981	0.32198		BR
2009	0.8	0.81	0.01	0.01014	0.33212		BR
2009	0.81	0.82	0.01	0.01051	0.34262		BR
2009	0.82	0.83	0.01	0.01092	0.35354		BR
2009	0.83	0.84	0.01	0.01138	0.36492		BR
2009	0.84	0.85	0.01	0.01189	0.37681		BR
2009	0.85	0.86	0.01	0.01245	0.38926		BR
2009	0.86	0.87	0.01	0.01307	0.40233		BR
2009	0.87	0.88	0.01	0.01377	0.41611		BR
2009	0.88	0.89	0.01	0.01457	0.43068		BR
2009	0.89	0.9	0.01	0.0155	0.44617		BR
2009	0.9	0.91	0.01	0.01663	0.4628		BR
2009	0.91	0.92	0.01	0.01804	0.48084		BR
2009	0.92	0.93	0.01	0.01985	0.50069		BR
2009	0.93	0.94	0.01	0.02219	0.52288		BR
2009	0.94	0.95	0.01	0.02531	0.54818		BR
2009	0.95	0.96	0.01	0.02961	0.57779		BR
2009	0.96	0.97	0.01	0.03586	0.61366		BR
2009	0.97	0.98	0.01	0.04585	0.65951		BR
2009	0.98	0.99	0.01	0.06588	0.72538		BR
2009	0.99	0.991	0.001	0.00884	0.73422		BR
2009	0.991	0.992	0.001	0.00957	0.74379		BR
2009	0.992	0.993	0.001	0.01046	0.75425		BR
2009	0.993	0.994	0.001	0.01159	0.76584		BR
2009	0.994	0.995	0.001	0.01304	0.77888		BR
2009	0.995	0.996	0.001	0.01503	0.79391		BR
2009	0.996	0.997	0.001	0.01794	0.81186		BR
2009	0.997	0.998	0.001	0.02276	0.83461		BR
2009	0.998	0.999	0.001	0.03285	0.86747		BR
2009	0.999	0.9991	0.0001	0.0044	0.87187		BR
2009	0.9991	0.9992	0.0001	0.00475	0.87661		BR
2009	0.9992	0.9993	0.0001	0.00517	0.88179		BR
2009	0.9993	0.9994	0.0001	0.00571	0.88749		BR
2009	0.9994	0.9995	0.0001	0.0064	0.89389		BR
2009	0.9995	0.9996	0.0001	0.00734	0.90123		BR
2009	0.9996	0.9997	0.0001	0.00873	0.90996		BR
2009	0.9997	0.9998	0.0001	0.01102	0.92098		BR
2009	0.9998	0.9999	0.0001	0.01582	0.9368		BR
2009	0.9999	0.99991	0.00001	0.00211	0.93891		BR
2009	0.99991	0.99992	0.00001	0.00228	0.94118		BR
2009	0.99992	0.99993	0.00001	0.00248	0.94366		BR
2009	0.99993	0.99994	0.00001	0.00273	0.9464		BR
2009	0.99994	0.99995	0.00001	0.00306	0.94946		BR
2009	0.99995	0.99996	0.00001	0.00351	0.95297		BR
2009	0.99996	0.99997	0.00001	0.00417	0.95714		BR
2009	0.99997	0.99998	0.00001	0.00526	0.96239		BR
2009	0.99998	0.99999	0.00001	0.00754	0.96993		BR
2009	0.99999	1	0.00001	0.03007	1		BR
2008	0	0.01	0.01	0.00001	0.00001		BR
2008	0.01	0.02	0.01	0.00004	0.00006		BR
2008	0.02	0.03	0.01	0.00007	0.00013		BR
2008	0.03	0.04	0.01	0.0001	0.00023		BR
2008	0.04	0.05	0.01	0.00013	0.00036		BR
2008	0.05	0.06	0.01	0.00016	0.00052		BR
2008	0.06	0.07	0.01	0.00019	0.0007		BR
2008	0.07	0.08	0.01	0.00025	0.00096		BR
2008	0.08	0.09	0.01	0.00047	0.00143		BR
2008	0.09	0.1	0.01	0.00069	0.00212		BR
2008	0.1	0.11	0.01	0.0009	0.00301		BR
2008	0.11	0.12	0.01	0.00107	0.00409		BR
2008	0.12	0.13	0.01	0.00124	0.00533		BR
2008	0.13	0.14	0.01	0.0014	0.00673		BR
2008	0.14	0.15	0.01	0.00153	0.00826		BR
2008	0.15	0.16	0.01	0.00164	0.0099		BR
2008	0.16	0.17	0.01	0.00174	0.01163		BR
2008	0.17	0.18	0.01	0.00181	0.01345		BR
2008	0.18	0.19	0.01	0.00188	0.01533		BR
2008	0.19	0.2	0.01	0.00195	0.01729		BR
2008	0.2	0.21	0.01	0.00204	0.01933		BR
2008	0.21	0.22	0.01	0.00215	0.02147		BR
2008	0.22	0.23	0.01	0.00227	0.02374		BR
2008	0.23	0.24	0.01	0.0024	0.02614		BR
2008	0.24	0.25	0.01	0.00254	0.02868		BR
2008	0.25	0.26	0.01	0.00267	0.03135		BR
2008	0.26	0.27	0.01	0.00279	0.03414		BR
2008	0.27	0.28	0.01	0.0029	0.03704		BR
2008	0.28	0.29	0.01	0.003	0.04004		BR
2008	0.29	0.3	0.01	0.00307	0.04311		BR
2008	0.3	0.31	0.01	0.00313	0.04625		BR
2008	0.31	0.32	0.01	0.00318	0.04942		BR
2008	0.32	0.33	0.01	0.00321	0.05264		BR
2008	0.33	0.34	0.01	0.00324	0.05588		BR
2008	0.34	0.35	0.01	0.00327	0.05915		BR
2008	0.35	0.36	0.01	0.0033	0.06245		BR
2008	0.36	0.37	0.01	0.00335	0.0658		BR
2008	0.37	0.38	0.01	0.0034	0.06919		BR
2008	0.38	0.39	0.01	0.00346	0.07265		BR
2008	0.39	0.4	0.01	0.00353	0.07618		BR
2008	0.4	0.41	0.01	0.00361	0.07979		BR
2008	0.41	0.42	0.01	0.0037	0.08349		BR
2008	0.42	0.43	0.01	0.00379	0.08729		BR
2008	0.43	0.44	0.01	0.00389	0.09118		BR
2008	0.44	0.45	0.01	0.00399	0.09516		BR
2008	0.45	0.46	0.01	0.00408	0.09924		BR
2008	0.46	0.47	0.01	0.00417	0.10341		BR
2008	0.47	0.48	0.01	0.00426	0.10768		BR
2008	0.48	0.49	0.01	0.00435	0.11203		BR
2008	0.49	0.5	0.01	0.00444	0.11647		BR
2008	0.5	0.51	0.01	0.00454	0.12101		BR
2008	0.51	0.52	0.01	0.00464	0.12565		BR
2008	0.52	0.53	0.01	0.00475	0.1304		BR
2008	0.53	0.54	0.01	0.00486	0.13526		BR
2008	0.54	0.55	0.01	0.00498	0.14024		BR
2008	0.55	0.56	0.01	0.0051	0.14533		BR
2008	0.56	0.57	0.01	0.00521	0.15055		BR
2008	0.57	0.58	0.01	0.00534	0.15588		BR
2008	0.58	0.59	0.01	0.00546	0.16134		BR
2008	0.59	0.6	0.01	0.00558	0.16692		BR
2008	0.6	0.61	0.01	0.00571	0.17263		BR
2008	0.61	0.62	0.01	0.00584	0.17847		BR
2008	0.62	0.63	0.01	0.00598	0.18446		BR
2008	0.63	0.64	0.01	0.00613	0.19059		BR
2008	0.64	0.65	0.01	0.00629	0.19688		BR
2008	0.65	0.66	0.01	0.00645	0.20333		BR
2008	0.66	0.67	0.01	0.00663	0.20996		BR
2008	0.67	0.68	0.01	0.00681	0.21677		BR
2008	0.68	0.69	0.01	0.007	0.22377		BR
2008	0.69	0.7	0.01	0.00719	0.23096		BR
2008	0.7	0.71	0.01	0.00738	0.23834		BR
2008	0.71	0.72	0.01	0.00757	0.24592		BR
2008	0.72	0.73	0.01	0.00777	0.25368		BR
2008	0.73	0.74	0.01	0.00797	0.26165		BR
2008	0.74	0.75	0.01	0.00818	0.26983		BR
2008	0.75	0.76	0.01	0.0084	0.27823		BR
2008	0.76	0.77	0.01	0.00865	0.28688		BR
2008	0.77	0.78	0.01	0.00892	0.29579		BR
2008	0.78	0.79	0.01	0.00921	0.30501		BR
2008	0.79	0.8	0.01	0.00955	0.31455		BR
2008	0.8	0.81	0.01	0.00991	0.32446		BR
2008	0.81	0.82	0.01	0.01031	0.33478		BR
2008	0.82	0.83	0.01	0.01075	0.34553		BR
2008	0.83	0.84	0.01	0.01123	0.35676		BR
2008	0.84	0.85	0.01	0.01176	0.36851		BR
2008	0.85	0.86	0.01	0.01233	0.38084		BR
2008	0.86	0.87	0.01	0.01296	0.3938		BR
2008	0.87	0.88	0.01	0.01365	0.40745		BR
2008	0.88	0.89	0.01	0.01444	0.42189		BR
2008	0.89	0.9	0.01	0.01534	0.43723		BR
2008	0.9	0.91	0.01	0.01642	0.45365		BR
2008	0.91	0.92	0.01	0.01776	0.4714		BR
2008	0.92	0.93	0.01	0.01945	0.49085		BR
2008	0.93	0.94	0.01	0.02162	0.51247		BR
2008	0.94	0.95	0.01	0.0245	0.53697		BR
2008	0.95	0.96	0.01	0.02846	0.56542		BR
2008	0.96	0.97	0.01	0.03424	0.59966		BR
2008	0.97	0.98	0.01	0.04355	0.64321		BR
2008	0.98	0.99	0.01	0.0625	0.70571		BR
2008	0.99	0.991	0.001	0.00838	0.71409		BR
2008	0.991	0.992	0.001	0.00908	0.72316		BR
2008	0.992	0.993	0.001	0.00993	0.73309		BR
2008	0.993	0.994	0.001	0.01101	0.7441		BR
2008	0.994	0.995	0.001	0.01242	0.75652		BR
2008	0.995	0.996	0.001	0.01436	0.77088		BR
2008	0.996	0.997	0.001	0.01725	0.78813		BR
2008	0.997	0.998	0.001	0.02209	0.81022		BR
2008	0.998	0.999	0.001	0.03251	0.84273		BR
2008	0.999	0.9991	0.0001	0.00442	0.84715		BR
2008	0.9991	0.9992	0.0001	0.0048	0.85195		BR
2008	0.9992	0.9993	0.0001	0.00526	0.85721		BR
2008	0.9993	0.9994	0.0001	0.00583	0.86304		BR
2008	0.9994	0.9995	0.0001	0.00659	0.86963		BR
2008	0.9995	0.9996	0.0001	0.00764	0.87727		BR
2008	0.9996	0.9997	0.0001	0.00919	0.88646		BR
2008	0.9997	0.9998	0.0001	0.01179	0.89824		BR
2008	0.9998	0.9999	0.0001	0.01738	0.91563		BR
2008	0.9999	0.99991	0.00001	0.00237	0.91799		BR
2008	0.99991	0.99992	0.00001	0.00257	0.92056		BR
2008	0.99992	0.99993	0.00001	0.00281	0.92338		BR
2008	0.99993	0.99994	0.00001	0.00313	0.9265		BR
2008	0.99994	0.99995	0.00001	0.00353	0.93004		BR
2008	0.99995	0.99996	0.00001	0.00409	0.93413		BR
2008	0.99996	0.99997	0.00001	0.00492	0.93905		BR
2008	0.99997	0.99998	0.00001	0.00632	0.94538		BR
2008	0.99998	0.99999	0.00001	0.00933	0.9547		BR
2008	0.99999	1	0.00001	0.0453	1		BR
2007	0	0.01	0.01	0.00001	0.00001		BR
2007	0.01	0.02	0.01	0.00003	0.00004		BR
2007	0.02	0.03	0.01	0.00006	0.0001		BR
2007	0.03	0.04	0.01	0.00009	0.00019		BR
2007	0.04	0.05	0.01	0.00012	0.00031		BR
2007	0.05	0.06	0.01	0.00017	0.00048		BR
2007	0.06	0.07	0.01	0.00023	0.00071		BR
2007	0.07	0.08	0.01	0.0003	0.00102		BR
2007	0.08	0.09	0.01	0.0004	0.00142		BR
2007	0.09	0.1	0.01	0.00053	0.00195		BR
2007	0.1	0.11	0.01	0.0007	0.00266		BR
2007	0.11	0.12	0.01	0.0009	0.00355		BR
2007	0.12	0.13	0.01	0.00111	0.00466		BR
2007	0.13	0.14	0.01	0.00131	0.00597		BR
2007	0.14	0.15	0.01	0.00149	0.00746		BR
2007	0.15	0.16	0.01	0.00165	0.0091		BR
2007	0.16	0.17	0.01	0.00177	0.01087		BR
2007	0.17	0.18	0.01	0.00185	0.01272		BR
2007	0.18	0.19	0.01	0.00191	0.01464		BR
2007	0.19	0.2	0.01	0.00196	0.0166		BR
2007	0.2	0.21	0.01	0.00202	0.01862		BR
2007	0.21	0.22	0.01	0.00211	0.02073		BR
2007	0.22	0.23	0.01	0.00221	0.02294		BR
2007	0.23	0.24	0.01	0.00233	0.02526		BR
2007	0.24	0.25	0.01	0.00246	0.02772		BR
2007	0.25	0.26	0.01	0.00259	0.03032		BR
2007	0.26	0.27	0.01	0.00273	0.03305		BR
2007	0.27	0.28	0.01	0.00287	0.03592		BR
2007	0.28	0.29	0.01	0.003	0.03892		BR
2007	0.29	0.3	0.01	0.00312	0.04205		BR
2007	0.3	0.31	0.01	0.00323	0.04528		BR
2007	0.31	0.32	0.01	0.00332	0.04859		BR
2007	0.32	0.33	0.01	0.00339	0.05198		BR
2007	0.33	0.34	0.01	0.00344	0.05542		BR
2007	0.34	0.35	0.01	0.00348	0.0589		BR
2007	0.35	0.36	0.01	0.00351	0.06241		BR
2007	0.36	0.37	0.01	0.00352	0.06593		BR
2007	0.37	0.38	0.01	0.00354	0.06947		BR
2007	0.38	0.39	0.01	0.00355	0.07303		BR
2007	0.39	0.4	0.01	0.00358	0.07661		BR
2007	0.4	0.41	0.01	0.00364	0.08025		BR
2007	0.41	0.42	0.01	0.00372	0.08396		BR
2007	0.42	0.43	0.01	0.00382	0.08778		BR
2007	0.43	0.44	0.01	0.00393	0.0917		BR
2007	0.44	0.45	0.01	0.00404	0.09575		BR
2007	0.45	0.46	0.01	0.00416	0.09991		BR
2007	0.46	0.47	0.01	0.00427	0.10418		BR
2007	0.47	0.48	0.01	0.00438	0.10855		BR
2007	0.48	0.49	0.01	0.00447	0.11303		BR
2007	0.49	0.5	0.01	0.00456	0.11759		BR
2007	0.5	0.51	0.01	0.00466	0.12225		BR
2007	0.51	0.52	0.01	0.00475	0.127		BR
2007	0.52	0.53	0.01	0.00486	0.13186		BR
2007	0.53	0.54	0.01	0.00497	0.13682		BR
2007	0.54	0.55	0.01	0.00508	0.14191		BR
2007	0.55	0.56	0.01	0.0052	0.14711		BR
2007	0.56	0.57	0.01	0.00533	0.15244		BR
2007	0.57	0.58	0.01	0.00547	0.15791		BR
2007	0.58	0.59	0.01	0.0056	0.16351		BR
2007	0.59	0.6	0.01	0.00575	0.16926		BR
2007	0.6	0.61	0.01	0.00589	0.17515		BR
2007	0.61	0.62	0.01	0.00604	0.18119		BR
2007	0.62	0.63	0.01	0.00619	0.18739		BR
2007	0.63	0.64	0.01	0.00635	0.19374		BR
2007	0.64	0.65	0.01	0.00651	0.20026		BR
2007	0.65	0.66	0.01	0.00668	0.20694		BR
2007	0.66	0.67	0.01	0.00686	0.2138		BR
2007	0.67	0.68	0.01	0.00705	0.22085		BR
2007	0.68	0.69	0.01	0.00723	0.22808		BR
2007	0.69	0.7	0.01	0.00743	0.23551		BR
2007	0.7	0.71	0.01	0.00762	0.24313		BR
2007	0.71	0.72	0.01	0.00781	0.25094		BR
2007	0.72	0.73	0.01	0.00801	0.25895		BR
2007	0.73	0.74	0.01	0.00821	0.26716		BR
2007	0.74	0.75	0.01	0.00844	0.2756		BR
2007	0.75	0.76	0.01	0.00869	0.2843		BR
2007	0.76	0.77	0.01	0.00898	0.29328		BR
2007	0.77	0.78	0.01	0.0093	0.30257		BR
2007	0.78	0.79	0.01	0.00965	0.31223		BR
2007	0.79	0.8	0.01	0.01003	0.32226		BR
2007	0.8	0.81	0.01	0.01043	0.33269		BR
2007	0.81	0.82	0.01	0.01083	0.34352		BR
2007	0.82	0.83	0.01	0.01124	0.35476		BR
2007	0.83	0.84	0.01	0.01169	0.36645		BR
2007	0.84	0.85	0.01	0.01218	0.37863		BR
2007	0.85	0.86	0.01	0.01274	0.39137		BR
2007	0.86	0.87	0.01	0.01341	0.40478		BR
2007	0.87	0.88	0.01	0.0142	0.41898		BR
2007	0.88	0.89	0.01	0.01516	0.43414		BR
2007	0.89	0.9	0.01	0.01628	0.45042		BR
2007	0.9	0.91	0.01	0.01756	0.46798		BR
2007	0.91	0.92	0.01	0.01897	0.48695		BR
2007	0.92	0.93	0.01	0.02055	0.5075		BR
2007	0.93	0.94	0.01	0.0224	0.5299		BR
2007	0.94	0.95	0.01	0.02465	0.55454		BR
2007	0.95	0.96	0.01	0.02761	0.58216		BR
2007	0.96	0.97	0.01	0.03199	0.61415		BR
2007	0.97	0.98	0.01	0.03972	0.65387		BR
2007	0.98	0.99	0.01	0.05774	0.7116		BR
2007	0.99	0.991	0.001	0.00777	0.71937		BR
2007	0.991	0.992	0.001	0.00837	0.72775		BR
2007	0.992	0.993	0.001	0.00911	0.73686		BR
2007	0.993	0.994	0.001	0.01005	0.74692		BR
2007	0.994	0.995	0.001	0.01129	0.75821		BR
2007	0.995	0.996	0.001	0.01301	0.77122		BR
2007	0.996	0.997	0.001	0.01558	0.7868		BR
2007	0.997	0.998	0.001	0.01995	0.80675		BR
2007	0.998	0.999	0.001	0.02951	0.83626		BR
2007	0.999	0.9991	0.0001	0.00404	0.84031		BR
2007	0.9991	0.9992	0.0001	0.0044	0.8447		BR
2007	0.9992	0.9993	0.0001	0.00483	0.84953		BR
2007	0.9993	0.9994	0.0001	0.00538	0.85491		BR
2007	0.9994	0.9995	0.0001	0.0061	0.86102		BR
2007	0.9995	0.9996	0.0001	0.00711	0.86813		BR
2007	0.9996	0.9997	0.0001	0.00861	0.87674		BR
2007	0.9997	0.9998	0.0001	0.01117	0.88791		BR
2007	0.9998	0.9999	0.0001	0.01677	0.90468		BR
2007	0.9999	0.99991	0.00001	0.00232	0.90699		BR
2007	0.99991	0.99992	0.00001	0.00252	0.90952		BR
2007	0.99992	0.99993	0.00001	0.00278	0.91229		BR
2007	0.99993	0.99994	0.00001	0.0031	0.91539		BR
2007	0.99994	0.99995	0.00001	0.00352	0.91891		BR
2007	0.99995	0.99996	0.00001	0.00411	0.92302		BR
2007	0.99996	0.99997	0.00001	0.00499	0.92801		BR
2007	0.99997	0.99998	0.00001	0.00649	0.9345		BR
2007	0.99998	0.99999	0.00001	0.00976	0.94426		BR
2007	0.99999	1	0.00001	0.05574	1		BR
2006	0	0.01	0.01	0.00001	0.00001		BR
2006	0.01	0.02	0.01	0.00004	0.00005		BR
2006	0.02	0.03	0.01	0.00007	0.00012		BR
2006	0.03	0.04	0.01	0.0001	0.00023		BR
2006	0.04	0.05	0.01	0.00014	0.00037		BR
2006	0.05	0.06	0.01	0.00019	0.00056		BR
2006	0.06	0.07	0.01	0.00026	0.00082		BR
2006	0.07	0.08	0.01	0.00034	0.00115		BR
2006	0.08	0.09	0.01	0.00044	0.00159		BR
2006	0.09	0.1	0.01	0.00057	0.00216		BR
2006	0.1	0.11	0.01	0.00074	0.00289		BR
2006	0.11	0.12	0.01	0.00093	0.00383		BR
2006	0.12	0.13	0.01	0.00114	0.00496		BR
2006	0.13	0.14	0.01	0.00133	0.0063		BR
2006	0.14	0.15	0.01	0.00151	0.00781		BR
2006	0.15	0.16	0.01	0.00165	0.00946		BR
2006	0.16	0.17	0.01	0.00176	0.01122		BR
2006	0.17	0.18	0.01	0.00183	0.01306		BR
2006	0.18	0.19	0.01	0.00188	0.01494		BR
2006	0.19	0.2	0.01	0.00192	0.01686		BR
2006	0.2	0.21	0.01	0.00198	0.01884		BR
2006	0.21	0.22	0.01	0.00207	0.02091		BR
2006	0.22	0.23	0.01	0.00218	0.02309		BR
2006	0.23	0.24	0.01	0.0023	0.02539		BR
2006	0.24	0.25	0.01	0.00243	0.02782		BR
2006	0.25	0.26	0.01	0.00256	0.03038		BR
2006	0.26	0.27	0.01	0.00269	0.03307		BR
2006	0.27	0.28	0.01	0.00281	0.03588		BR
2006	0.28	0.29	0.01	0.00292	0.0388		BR
2006	0.29	0.3	0.01	0.00302	0.04182		BR
2006	0.3	0.31	0.01	0.00312	0.04494		BR
2006	0.31	0.32	0.01	0.00321	0.04815		BR
2006	0.32	0.33	0.01	0.0033	0.05144		BR
2006	0.33	0.34	0.01	0.00337	0.05481		BR
2006	0.34	0.35	0.01	0.00343	0.05825		BR
2006	0.35	0.36	0.01	0.00348	0.06172		BR
2006	0.36	0.37	0.01	0.00351	0.06523		BR
2006	0.37	0.38	0.01	0.00353	0.06877		BR
2006	0.38	0.39	0.01	0.00355	0.07232		BR
2006	0.39	0.4	0.01	0.00357	0.07589		BR
2006	0.4	0.41	0.01	0.00361	0.0795		BR
2006	0.41	0.42	0.01	0.00367	0.08318		BR
2006	0.42	0.43	0.01	0.00375	0.08693		BR
2006	0.43	0.44	0.01	0.00384	0.09077		BR
2006	0.44	0.45	0.01	0.00395	0.09472		BR
2006	0.45	0.46	0.01	0.00406	0.09878		BR
2006	0.46	0.47	0.01	0.00418	0.10296		BR
2006	0.47	0.48	0.01	0.0043	0.10726		BR
2006	0.48	0.49	0.01	0.00442	0.11168		BR
2006	0.49	0.5	0.01	0.00453	0.1162		BR
2006	0.5	0.51	0.01	0.00463	0.12084		BR
2006	0.51	0.52	0.01	0.00473	0.12557		BR
2006	0.52	0.53	0.01	0.00482	0.13039		BR
2006	0.53	0.54	0.01	0.00491	0.13531		BR
2006	0.54	0.55	0.01	0.00501	0.14031		BR
2006	0.55	0.56	0.01	0.0051	0.14541		BR
2006	0.56	0.57	0.01	0.0052	0.15062		BR
2006	0.57	0.58	0.01	0.00532	0.15594		BR
2006	0.58	0.59	0.01	0.00544	0.16138		BR
2006	0.59	0.6	0.01	0.00558	0.16696		BR
2006	0.6	0.61	0.01	0.00574	0.1727		BR
2006	0.61	0.62	0.01	0.00591	0.17861		BR
2006	0.62	0.63	0.01	0.00609	0.18471		BR
2006	0.63	0.64	0.01	0.00628	0.19098		BR
2006	0.64	0.65	0.01	0.00646	0.19744		BR
2006	0.65	0.66	0.01	0.00663	0.20408		BR
2006	0.66	0.67	0.01	0.0068	0.21087		BR
2006	0.67	0.68	0.01	0.00695	0.21782		BR
2006	0.68	0.69	0.01	0.0071	0.22492		BR
2006	0.69	0.7	0.01	0.00725	0.23218		BR
2006	0.7	0.71	0.01	0.00743	0.2396		BR
2006	0.71	0.72	0.01	0.00763	0.24724		BR
2006	0.72	0.73	0.01	0.00786	0.2551		BR
2006	0.73	0.74	0.01	0.00812	0.26322		BR
2006	0.74	0.75	0.01	0.00839	0.27161		BR
2006	0.75	0.76	0.01	0.00868	0.28029		BR
2006	0.76	0.77	0.01	0.00897	0.28926		BR
2006	0.77	0.78	0.01	0.00928	0.29853		BR
2006	0.78	0.79	0.01	0.00959	0.30812		BR
2006	0.79	0.8	0.01	0.00992	0.31804		BR
2006	0.8	0.81	0.01	0.01028	0.32831		BR
2006	0.81	0.82	0.01	0.01068	0.33899		BR
2006	0.82	0.83	0.01	0.01113	0.35013		BR
2006	0.83	0.84	0.01	0.01164	0.36177		BR
2006	0.84	0.85	0.01	0.01221	0.37398		BR
2006	0.85	0.86	0.01	0.01286	0.38684		BR
2006	0.86	0.87	0.01	0.01357	0.40041		BR
2006	0.87	0.88	0.01	0.01438	0.41479		BR
2006	0.88	0.89	0.01	0.01529	0.43008		BR
2006	0.89	0.9	0.01	0.01631	0.44639		BR
2006	0.9	0.91	0.01	0.01748	0.46387		BR
2006	0.91	0.92	0.01	0.01884	0.48271		BR
2006	0.92	0.93	0.01	0.02045	0.50316		BR
2006	0.93	0.94	0.01	0.02244	0.5256		BR
2006	0.94	0.95	0.01	0.02497	0.55057		BR
2006	0.95	0.96	0.01	0.02841	0.57898		BR
2006	0.96	0.97	0.01	0.03352	0.6125		BR
2006	0.97	0.98	0.01	0.04221	0.65471		BR
2006	0.98	0.99	0.01	0.06126	0.71598		BR
2006	0.99	0.991	0.001	0.00824	0.72421		BR
2006	0.991	0.992	0.001	0.00889	0.7331		BR
2006	0.992	0.993	0.001	0.00969	0.7428		BR
2006	0.993	0.994	0.001	0.01071	0.75351		BR
2006	0.994	0.995	0.001	0.01204	0.76554		BR
2006	0.995	0.996	0.001	0.01387	0.77941		BR
2006	0.996	0.997	0.001	0.0166	0.79601		BR
2006	0.997	0.998	0.001	0.02118	0.81719		BR
2006	0.998	0.999	0.001	0.03105	0.84824		BR
2006	0.999	0.9991	0.0001	0.00422	0.85246		BR
2006	0.9991	0.9992	0.0001	0.00457	0.85703		BR
2006	0.9992	0.9993	0.0001	0.00501	0.86204		BR
2006	0.9993	0.9994	0.0001	0.00556	0.8676		BR
2006	0.9994	0.9995	0.0001	0.00628	0.87389		BR
2006	0.9995	0.9996	0.0001	0.00728	0.88117		BR
2006	0.9996	0.9997	0.0001	0.00876	0.88993		BR
2006	0.9997	0.9998	0.0001	0.01125	0.90118		BR
2006	0.9998	0.9999	0.0001	0.01662	0.91779		BR
2006	0.9999	0.99991	0.00001	0.00227	0.92006		BR
2006	0.99991	0.99992	0.00001	0.00246	0.92252		BR
2006	0.99992	0.99993	0.00001	0.0027	0.92522		BR
2006	0.99993	0.99994	0.00001	0.003	0.92822		BR
2006	0.99994	0.99995	0.00001	0.00339	0.9316		BR
2006	0.99995	0.99996	0.00001	0.00393	0.93553		BR
2006	0.99996	0.99997	0.00001	0.00473	0.94027		BR
2006	0.99997	0.99998	0.00001	0.00609	0.94636		BR
2006	0.99998	0.99999	0.00001	0.009	0.95536		BR
2006	0.99999	1	0.00001	0.04464	1		BR
2005	0	0.01	0.01	0.00001	0.00001		BR
2005	0.01	0.02	0.01	0.00004	0.00005		BR
2005	0.02	0.03	0.01	0.00007	0.00012		BR
2005	0.03	0.04	0.01	0.00011	0.00023		BR
2005	0.04	0.05	0.01	0.00016	0.00039		BR
2005	0.05	0.06	0.01	0.00022	0.0006		BR
2005	0.06	0.07	0.01	0.00029	0.00089		BR
2005	0.07	0.08	0.01	0.00038	0.00128		BR
2005	0.08	0.09	0.01	0.00049	0.00177		BR
2005	0.09	0.1	0.01	0.00063	0.0024		BR
2005	0.1	0.11	0.01	0.00079	0.0032		BR
2005	0.11	0.12	0.01	0.00098	0.00418		BR
2005	0.12	0.13	0.01	0.00117	0.00534		BR
2005	0.13	0.14	0.01	0.00135	0.00669		BR
2005	0.14	0.15	0.01	0.00152	0.00821		BR
2005	0.15	0.16	0.01	0.00166	0.00988		BR
2005	0.16	0.17	0.01	0.00178	0.01166		BR
2005	0.17	0.18	0.01	0.00187	0.01352		BR
2005	0.18	0.19	0.01	0.00193	0.01545		BR
2005	0.19	0.2	0.01	0.00198	0.01743		BR
2005	0.2	0.21	0.01	0.00204	0.01947		BR
2005	0.21	0.22	0.01	0.00211	0.02158		BR
2005	0.22	0.23	0.01	0.0022	0.02378		BR
2005	0.23	0.24	0.01	0.0023	0.02608		BR
2005	0.24	0.25	0.01	0.00242	0.02851		BR
2005	0.25	0.26	0.01	0.00256	0.03106		BR
2005	0.26	0.27	0.01	0.0027	0.03377		BR
2005	0.27	0.28	0.01	0.00285	0.03661		BR
2005	0.28	0.29	0.01	0.00299	0.0396		BR
2005	0.29	0.3	0.01	0.00311	0.04271		BR
2005	0.3	0.31	0.01	0.00319	0.0459		BR
2005	0.31	0.32	0.01	0.00325	0.04915		BR
2005	0.32	0.33	0.01	0.00327	0.05242		BR
2005	0.33	0.34	0.01	0.00328	0.0557		BR
2005	0.34	0.35	0.01	0.00329	0.05899		BR
2005	0.35	0.36	0.01	0.00329	0.06228		BR
2005	0.36	0.37	0.01	0.00331	0.06559		BR
2005	0.37	0.38	0.01	0.00335	0.06895		BR
2005	0.38	0.39	0.01	0.00341	0.07236		BR
2005	0.39	0.4	0.01	0.00348	0.07584		BR
2005	0.4	0.41	0.01	0.00357	0.07941		BR
2005	0.41	0.42	0.01	0.00367	0.08309		BR
2005	0.42	0.43	0.01	0.00378	0.08686		BR
2005	0.43	0.44	0.01	0.00389	0.09075		BR
2005	0.44	0.45	0.01	0.004	0.09475		BR
2005	0.45	0.46	0.01	0.00411	0.09886		BR
2005	0.46	0.47	0.01	0.00421	0.10307		BR
2005	0.47	0.48	0.01	0.00431	0.10738		BR
2005	0.48	0.49	0.01	0.00441	0.1118		BR
2005	0.49	0.5	0.01	0.00451	0.11631		BR
2005	0.5	0.51	0.01	0.00461	0.12091		BR
2005	0.51	0.52	0.01	0.00471	0.12562		BR
2005	0.52	0.53	0.01	0.00481	0.13043		BR
2005	0.53	0.54	0.01	0.00492	0.13535		BR
2005	0.54	0.55	0.01	0.00503	0.14038		BR
2005	0.55	0.56	0.01	0.00515	0.14553		BR
2005	0.56	0.57	0.01	0.00527	0.1508		BR
2005	0.57	0.58	0.01	0.0054	0.15619		BR
2005	0.58	0.59	0.01	0.00553	0.16173		BR
2005	0.59	0.6	0.01	0.00567	0.1674		BR
2005	0.6	0.61	0.01	0.00582	0.17322		BR
2005	0.61	0.62	0.01	0.00598	0.1792		BR
2005	0.62	0.63	0.01	0.00614	0.18534		BR
2005	0.63	0.64	0.01	0.0063	0.19164		BR
2005	0.64	0.65	0.01	0.00646	0.1981		BR
2005	0.65	0.66	0.01	0.00663	0.20472		BR
2005	0.66	0.67	0.01	0.00679	0.21151		BR
2005	0.67	0.68	0.01	0.00696	0.21847		BR
2005	0.68	0.69	0.01	0.00713	0.2256		BR
2005	0.69	0.7	0.01	0.00731	0.23291		BR
2005	0.7	0.71	0.01	0.00751	0.24042		BR
2005	0.71	0.72	0.01	0.00773	0.24815		BR
2005	0.72	0.73	0.01	0.00797	0.25612		BR
2005	0.73	0.74	0.01	0.00823	0.26435		BR
2005	0.74	0.75	0.01	0.00851	0.27287		BR
2005	0.75	0.76	0.01	0.00881	0.28167		BR
2005	0.76	0.77	0.01	0.00912	0.29079		BR
2005	0.77	0.78	0.01	0.00944	0.30023		BR
2005	0.78	0.79	0.01	0.00978	0.31001		BR
2005	0.79	0.8	0.01	0.01013	0.32014		BR
2005	0.8	0.81	0.01	0.0105	0.33064		BR
2005	0.81	0.82	0.01	0.0109	0.34154		BR
2005	0.82	0.83	0.01	0.01132	0.35286		BR
2005	0.83	0.84	0.01	0.01179	0.36465		BR
2005	0.84	0.85	0.01	0.01231	0.37696		BR
2005	0.85	0.86	0.01	0.01289	0.38986		BR
2005	0.86	0.87	0.01	0.01356	0.40341		BR
2005	0.87	0.88	0.01	0.01432	0.41773		BR
2005	0.88	0.89	0.01	0.01521	0.43294		BR
2005	0.89	0.9	0.01	0.01624	0.44918		BR
2005	0.9	0.91	0.01	0.01744	0.46661		BR
2005	0.91	0.92	0.01	0.01884	0.48546		BR
2005	0.92	0.93	0.01	0.02052	0.50598		BR
2005	0.93	0.94	0.01	0.02258	0.52856		BR
2005	0.94	0.95	0.01	0.02523	0.55379		BR
2005	0.95	0.96	0.01	0.02882	0.58261		BR
2005	0.96	0.97	0.01	0.0341	0.61671		BR
2005	0.97	0.98	0.01	0.043	0.6597		BR
2005	0.98	0.99	0.01	0.06226	0.72197		BR
2005	0.99	0.991	0.001	0.00837	0.73034		BR
2005	0.991	0.992	0.001	0.00904	0.73937		BR
2005	0.992	0.993	0.001	0.00986	0.74923		BR
2005	0.993	0.994	0.001	0.01089	0.76012		BR
2005	0.994	0.995	0.001	0.01224	0.77236		BR
2005	0.995	0.996	0.001	0.0141	0.78645		BR
2005	0.996	0.997	0.001	0.01684	0.8033		BR
2005	0.997	0.998	0.001	0.02144	0.82474		BR
2005	0.998	0.999	0.001	0.03128	0.85602		BR
2005	0.999	0.9991	0.0001	0.00423	0.86025		BR
2005	0.9991	0.9992	0.0001	0.00458	0.86483		BR
2005	0.9992	0.9993	0.0001	0.00501	0.86984		BR
2005	0.9993	0.9994	0.0001	0.00555	0.87539		BR
2005	0.9994	0.9995	0.0001	0.00626	0.88164		BR
2005	0.9995	0.9996	0.0001	0.00723	0.88887		BR
2005	0.9996	0.9997	0.0001	0.00866	0.89753		BR
2005	0.9997	0.9998	0.0001	0.01107	0.9086		BR
2005	0.9998	0.9999	0.0001	0.01622	0.92482		BR
2005	0.9999	0.99991	0.00001	0.0022	0.92702		BR
2005	0.99991	0.99992	0.00001	0.00238	0.9294		BR
2005	0.99992	0.99993	0.00001	0.00261	0.932		BR
2005	0.99993	0.99994	0.00001	0.00289	0.93489		BR
2005	0.99994	0.99995	0.00001	0.00326	0.93815		BR
2005	0.99995	0.99996	0.00001	0.00377	0.94192		BR
2005	0.99996	0.99997	0.00001	0.00452	0.94644		BR
2005	0.99997	0.99998	0.00001	0.00578	0.95221		BR
2005	0.99998	0.99999	0.00001	0.00847	0.96068		BR
2005	0.99999	1	0.00001	0.03932	1		BR
2004	0	0.01	0.01	0.00001	0.00001		BR
2004	0.01	0.02	0.01	0.00003	0.00003		BR
2004	0.02	0.03	0.01	0.00005	0.00009		BR
2004	0.03	0.04	0.01	0.00009	0.00018		BR
2004	0.04	0.05	0.01	0.00014	0.00032		BR
2004	0.05	0.06	0.01	0.00021	0.00053		BR
2004	0.06	0.07	0.01	0.0003	0.00084		BR
2004	0.07	0.08	0.01	0.00042	0.00125		BR
2004	0.08	0.09	0.01	0.00055	0.0018		BR
2004	0.09	0.1	0.01	0.00069	0.00249		BR
2004	0.1	0.11	0.01	0.00085	0.00335		BR
2004	0.11	0.12	0.01	0.00102	0.00437		BR
2004	0.12	0.13	0.01	0.00119	0.00555		BR
2004	0.13	0.14	0.01	0.00134	0.00689		BR
2004	0.14	0.15	0.01	0.00148	0.00837		BR
2004	0.15	0.16	0.01	0.0016	0.00997		BR
2004	0.16	0.17	0.01	0.0017	0.01168		BR
2004	0.17	0.18	0.01	0.00178	0.01346		BR
2004	0.18	0.19	0.01	0.00185	0.01531		BR
2004	0.19	0.2	0.01	0.00192	0.01723		BR
2004	0.2	0.21	0.01	0.00199	0.01922		BR
2004	0.21	0.22	0.01	0.00208	0.0213		BR
2004	0.22	0.23	0.01	0.00218	0.02347		BR
2004	0.23	0.24	0.01	0.00229	0.02576		BR
2004	0.24	0.25	0.01	0.00241	0.02817		BR
2004	0.25	0.26	0.01	0.00254	0.03071		BR
2004	0.26	0.27	0.01	0.00267	0.03338		BR
2004	0.27	0.28	0.01	0.0028	0.03618		BR
2004	0.28	0.29	0.01	0.00292	0.0391		BR
2004	0.29	0.3	0.01	0.00302	0.04213		BR
2004	0.3	0.31	0.01	0.0031	0.04522		BR
2004	0.31	0.32	0.01	0.00314	0.04837		BR
2004	0.32	0.33	0.01	0.00317	0.05154		BR
2004	0.33	0.34	0.01	0.0032	0.05474		BR
2004	0.34	0.35	0.01	0.00322	0.05796		BR
2004	0.35	0.36	0.01	0.00325	0.06121		BR
2004	0.36	0.37	0.01	0.00329	0.0645		BR
2004	0.37	0.38	0.01	0.00335	0.06785		BR
2004	0.38	0.39	0.01	0.00342	0.07128		BR
2004	0.39	0.4	0.01	0.00351	0.07478		BR
2004	0.4	0.41	0.01	0.00359	0.07838		BR
2004	0.41	0.42	0.01	0.00368	0.08205		BR
2004	0.42	0.43	0.01	0.00376	0.08582		BR
2004	0.43	0.44	0.01	0.00385	0.08967		BR
2004	0.44	0.45	0.01	0.00395	0.09362		BR
2004	0.45	0.46	0.01	0.00405	0.09767		BR
2004	0.46	0.47	0.01	0.00416	0.10184		BR
2004	0.47	0.48	0.01	0.00428	0.10612		BR
2004	0.48	0.49	0.01	0.0044	0.11052		BR
2004	0.49	0.5	0.01	0.00452	0.11505		BR
2004	0.5	0.51	0.01	0.00463	0.11968		BR
2004	0.51	0.52	0.01	0.00473	0.12441		BR
2004	0.52	0.53	0.01	0.00483	0.12923		BR
2004	0.53	0.54	0.01	0.00492	0.13416		BR
2004	0.54	0.55	0.01	0.00503	0.13918		BR
2004	0.55	0.56	0.01	0.00514	0.14433		BR
2004	0.56	0.57	0.01	0.00527	0.1496		BR
2004	0.57	0.58	0.01	0.00542	0.15502		BR
2004	0.58	0.59	0.01	0.00557	0.16059		BR
2004	0.59	0.6	0.01	0.00573	0.16633		BR
2004	0.6	0.61	0.01	0.00588	0.17221		BR
2004	0.61	0.62	0.01	0.00602	0.17823		BR
2004	0.62	0.63	0.01	0.00615	0.18437		BR
2004	0.63	0.64	0.01	0.00628	0.19065		BR
2004	0.64	0.65	0.01	0.00642	0.19707		BR
2004	0.65	0.66	0.01	0.00657	0.20364		BR
2004	0.66	0.67	0.01	0.00675	0.21039		BR
2004	0.67	0.68	0.01	0.00695	0.21734		BR
2004	0.68	0.69	0.01	0.00717	0.22452		BR
2004	0.69	0.7	0.01	0.00741	0.23193		BR
2004	0.7	0.71	0.01	0.00765	0.23958		BR
2004	0.71	0.72	0.01	0.00787	0.24745		BR
2004	0.72	0.73	0.01	0.00809	0.25554		BR
2004	0.73	0.74	0.01	0.00832	0.26386		BR
2004	0.74	0.75	0.01	0.00855	0.27241		BR
2004	0.75	0.76	0.01	0.0088	0.2812		BR
2004	0.76	0.77	0.01	0.00907	0.29028		BR
2004	0.77	0.78	0.01	0.00938	0.29966		BR
2004	0.78	0.79	0.01	0.00973	0.30939		BR
2004	0.79	0.8	0.01	0.01012	0.31951		BR
2004	0.8	0.81	0.01	0.01054	0.33005		BR
2004	0.81	0.82	0.01	0.011	0.34105		BR
2004	0.82	0.83	0.01	0.01149	0.35253		BR
2004	0.83	0.84	0.01	0.01201	0.36455		BR
2004	0.84	0.85	0.01	0.01259	0.37713		BR
2004	0.85	0.86	0.01	0.01321	0.39034		BR
2004	0.86	0.87	0.01	0.01389	0.40423		BR
2004	0.87	0.88	0.01	0.01464	0.41887		BR
2004	0.88	0.89	0.01	0.01548	0.43434		BR
2004	0.89	0.9	0.01	0.01644	0.45078		BR
2004	0.9	0.91	0.01	0.01757	0.46835		BR
2004	0.91	0.92	0.01	0.01892	0.48727		BR
2004	0.92	0.93	0.01	0.02058	0.50786		BR
2004	0.93	0.94	0.01	0.02268	0.53054		BR
2004	0.94	0.95	0.01	0.02541	0.55595		BR
2004	0.95	0.96	0.01	0.02914	0.58509		BR
2004	0.96	0.97	0.01	0.03459	0.61967		BR
2004	0.97	0.98	0.01	0.04352	0.66319		BR
2004	0.98	0.99	0.01	0.06212	0.72531		BR
2004	0.99	0.991	0.001	0.00827	0.73358		BR
2004	0.991	0.992	0.001	0.00893	0.74252		BR
2004	0.992	0.993	0.001	0.00974	0.75225		BR
2004	0.993	0.994	0.001	0.01075	0.763		BR
2004	0.994	0.995	0.001	0.01208	0.77508		BR
2004	0.995	0.996	0.001	0.0139	0.78897		BR
2004	0.996	0.997	0.001	0.0166	0.80557		BR
2004	0.997	0.998	0.001	0.02112	0.8267		BR
2004	0.998	0.999	0.001	0.0308	0.8575		BR
2004	0.999	0.9991	0.0001	0.00417	0.86167		BR
2004	0.9991	0.9992	0.0001	0.00451	0.86618		BR
2004	0.9992	0.9993	0.0001	0.00493	0.87111		BR
2004	0.9993	0.9994	0.0001	0.00547	0.87658		BR
2004	0.9994	0.9995	0.0001	0.00616	0.88274		BR
2004	0.9995	0.9996	0.0001	0.00712	0.88986		BR
2004	0.9996	0.9997	0.0001	0.00854	0.8984		BR
2004	0.9997	0.9998	0.0001	0.01092	0.90931		BR
2004	0.9998	0.9999	0.0001	0.016	0.92532		BR
2004	0.9999	0.99991	0.00001	0.00217	0.92749		BR
2004	0.99991	0.99992	0.00001	0.00235	0.92984		BR
2004	0.99992	0.99993	0.00001	0.00257	0.93241		BR
2004	0.99993	0.99994	0.00001	0.00285	0.93526		BR
2004	0.99994	0.99995	0.00001	0.00322	0.93848		BR
2004	0.99995	0.99996	0.00001	0.00372	0.94221		BR
2004	0.99996	0.99997	0.00001	0.00447	0.94668		BR
2004	0.99997	0.99998	0.00001	0.00572	0.95239		BR
2004	0.99998	0.99999	0.00001	0.00839	0.96078		BR
2004	0.99999	1	0.00001	0.03922	1		BR
2003	0	0.01	0.01	0.00001	0.00001		BR
2003	0.01	0.02	0.01	0.00003	0.00005		BR
2003	0.02	0.03	0.01	0.00006	0.00011		BR
2003	0.03	0.04	0.01	0.0001	0.00021		BR
2003	0.04	0.05	0.01	0.00015	0.00036		BR
2003	0.05	0.06	0.01	0.00022	0.00058		BR
2003	0.06	0.07	0.01	0.00029	0.00087		BR
2003	0.07	0.08	0.01	0.00039	0.00126		BR
2003	0.08	0.09	0.01	0.0005	0.00177		BR
2003	0.09	0.1	0.01	0.00063	0.0024		BR
2003	0.1	0.11	0.01	0.00078	0.00318		BR
2003	0.11	0.12	0.01	0.00094	0.00412		BR
2003	0.12	0.13	0.01	0.0011	0.00522		BR
2003	0.13	0.14	0.01	0.00126	0.00647		BR
2003	0.14	0.15	0.01	0.00141	0.00788		BR
2003	0.15	0.16	0.01	0.00155	0.00943		BR
2003	0.16	0.17	0.01	0.00167	0.0111		BR
2003	0.17	0.18	0.01	0.00177	0.01287		BR
2003	0.18	0.19	0.01	0.00186	0.01474		BR
2003	0.19	0.2	0.01	0.00193	0.01667		BR
2003	0.2	0.21	0.01	0.00199	0.01867		BR
2003	0.21	0.22	0.01	0.00205	0.02072		BR
2003	0.22	0.23	0.01	0.00212	0.02284		BR
2003	0.23	0.24	0.01	0.0022	0.02503		BR
2003	0.24	0.25	0.01	0.00229	0.02733		BR
2003	0.25	0.26	0.01	0.00241	0.02974		BR
2003	0.26	0.27	0.01	0.00255	0.03229		BR
2003	0.27	0.28	0.01	0.0027	0.03499		BR
2003	0.28	0.29	0.01	0.00285	0.03784		BR
2003	0.29	0.3	0.01	0.00299	0.04083		BR
2003	0.3	0.31	0.01	0.00308	0.04391		BR
2003	0.31	0.32	0.01	0.00313	0.04704		BR
2003	0.32	0.33	0.01	0.00315	0.0502		BR
2003	0.33	0.34	0.01	0.00316	0.05335		BR
2003	0.34	0.35	0.01	0.00316	0.05652		BR
2003	0.35	0.36	0.01	0.00317	0.05969		BR
2003	0.36	0.37	0.01	0.0032	0.06289		BR
2003	0.37	0.38	0.01	0.00324	0.06613		BR
2003	0.38	0.39	0.01	0.00331	0.06944		BR
2003	0.39	0.4	0.01	0.0034	0.07284		BR
2003	0.4	0.41	0.01	0.0035	0.07634		BR
2003	0.41	0.42	0.01	0.0036	0.07994		BR
2003	0.42	0.43	0.01	0.00369	0.08364		BR
2003	0.43	0.44	0.01	0.00379	0.08743		BR
2003	0.44	0.45	0.01	0.00388	0.09131		BR
2003	0.45	0.46	0.01	0.00397	0.09528		BR
2003	0.46	0.47	0.01	0.00406	0.09933		BR
2003	0.47	0.48	0.01	0.00414	0.10348		BR
2003	0.48	0.49	0.01	0.00423	0.10771		BR
2003	0.49	0.5	0.01	0.00433	0.11204		BR
2003	0.5	0.51	0.01	0.00443	0.11647		BR
2003	0.51	0.52	0.01	0.00454	0.12101		BR
2003	0.52	0.53	0.01	0.00466	0.12567		BR
2003	0.53	0.54	0.01	0.00479	0.13046		BR
2003	0.54	0.55	0.01	0.00493	0.13539		BR
2003	0.55	0.56	0.01	0.00507	0.14045		BR
2003	0.56	0.57	0.01	0.00521	0.14566		BR
2003	0.57	0.58	0.01	0.00535	0.15101		BR
2003	0.58	0.59	0.01	0.00549	0.15651		BR
2003	0.59	0.6	0.01	0.00563	0.16214		BR
2003	0.6	0.61	0.01	0.00577	0.1679		BR
2003	0.61	0.62	0.01	0.00589	0.1738		BR
2003	0.62	0.63	0.01	0.00602	0.17982		BR
2003	0.63	0.64	0.01	0.00616	0.18598		BR
2003	0.64	0.65	0.01	0.00632	0.1923		BR
2003	0.65	0.66	0.01	0.00649	0.19879		BR
2003	0.66	0.67	0.01	0.00668	0.20547		BR
2003	0.67	0.68	0.01	0.0069	0.21237		BR
2003	0.68	0.69	0.01	0.00713	0.21949		BR
2003	0.69	0.7	0.01	0.00736	0.22686		BR
2003	0.7	0.71	0.01	0.00759	0.23445		BR
2003	0.71	0.72	0.01	0.0078	0.24225		BR
2003	0.72	0.73	0.01	0.008	0.25024		BR
2003	0.73	0.74	0.01	0.0082	0.25844		BR
2003	0.74	0.75	0.01	0.00842	0.26686		BR
2003	0.75	0.76	0.01	0.00867	0.27553		BR
2003	0.76	0.77	0.01	0.00896	0.28449		BR
2003	0.77	0.78	0.01	0.0093	0.2938		BR
2003	0.78	0.79	0.01	0.0097	0.3035		BR
2003	0.79	0.8	0.01	0.01013	0.31363		BR
2003	0.8	0.81	0.01	0.01059	0.32421		BR
2003	0.81	0.82	0.01	0.01104	0.33525		BR
2003	0.82	0.83	0.01	0.0115	0.34675		BR
2003	0.83	0.84	0.01	0.01198	0.35873		BR
2003	0.84	0.85	0.01	0.01251	0.37123		BR
2003	0.85	0.86	0.01	0.0131	0.38433		BR
2003	0.86	0.87	0.01	0.01379	0.39812		BR
2003	0.87	0.88	0.01	0.01461	0.41274		BR
2003	0.88	0.89	0.01	0.0156	0.42834		BR
2003	0.89	0.9	0.01	0.01677	0.44511		BR
2003	0.9	0.91	0.01	0.01812	0.46323		BR
2003	0.91	0.92	0.01	0.01964	0.48288		BR
2003	0.92	0.93	0.01	0.02139	0.50427		BR
2003	0.93	0.94	0.01	0.02348	0.52775		BR
2003	0.94	0.95	0.01	0.02608	0.55383		BR
2003	0.95	0.96	0.01	0.02957	0.5834		BR
2003	0.96	0.97	0.01	0.03474	0.61815		BR
2003	0.97	0.98	0.01	0.04376	0.6619		BR
2003	0.98	0.99	0.01	0.06422	0.72612		BR
2003	0.99	0.991	0.001	0.00869	0.73481		BR
2003	0.991	0.992	0.001	0.00938	0.74419		BR
2003	0.992	0.993	0.001	0.01022	0.75441		BR
2003	0.993	0.994	0.001	0.01128	0.76569		BR
2003	0.994	0.995	0.001	0.01266	0.77835		BR
2003	0.995	0.996	0.001	0.01454	0.79289		BR
2003	0.996	0.997	0.001	0.01733	0.81022		BR
2003	0.997	0.998	0.001	0.02195	0.83217		BR
2003	0.998	0.999	0.001	0.03176	0.86393		BR
2003	0.999	0.9991	0.0001	0.00427	0.86819		BR
2003	0.9991	0.9992	0.0001	0.00461	0.8728		BR
2003	0.9992	0.9993	0.0001	0.00503	0.87783		BR
2003	0.9993	0.9994	0.0001	0.00556	0.88339		BR
2003	0.9994	0.9995	0.0001	0.00625	0.88964		BR
2003	0.9995	0.9996	0.0001	0.00719	0.89683		BR
2003	0.9996	0.9997	0.0001	0.00858	0.90541		BR
2003	0.9997	0.9998	0.0001	0.01089	0.9163		BR
2003	0.9998	0.9999	0.0001	0.01579	0.93209		BR
2003	0.9999	0.99991	0.00001	0.00212	0.93422		BR
2003	0.99991	0.99992	0.00001	0.0023	0.93651		BR
2003	0.99992	0.99993	0.00001	0.00251	0.93902		BR
2003	0.99993	0.99994	0.00001	0.00277	0.94179		BR
2003	0.99994	0.99995	0.00001	0.00311	0.9449		BR
2003	0.99995	0.99996	0.00001	0.00358	0.94848		BR
2003	0.99996	0.99997	0.00001	0.00428	0.95276		BR
2003	0.99997	0.99998	0.00001	0.00543	0.9582		BR
2003	0.99998	0.99999	0.00001	0.00788	0.96608		BR
2003	0.99999	1	0.00001	0.03392	1		BR
2002	0	0.01	0.01	0.00001	0.00001		BR
2002	0.01	0.02	0.01	0.00004	0.00005		BR
2002	0.02	0.03	0.01	0.00007	0.00012		BR
2002	0.03	0.04	0.01	0.00011	0.00023		BR
2002	0.04	0.05	0.01	0.00017	0.00039		BR
2002	0.05	0.06	0.01	0.00024	0.00063		BR
2002	0.06	0.07	0.01	0.00032	0.00095		BR
2002	0.07	0.08	0.01	0.00043	0.00139		BR
2002	0.08	0.09	0.01	0.00055	0.00194		BR
2002	0.09	0.1	0.01	0.00069	0.00263		BR
2002	0.1	0.11	0.01	0.00084	0.00347		BR
2002	0.11	0.12	0.01	0.001	0.00447		BR
2002	0.12	0.13	0.01	0.00115	0.00562		BR
2002	0.13	0.14	0.01	0.0013	0.00692		BR
2002	0.14	0.15	0.01	0.00143	0.00835		BR
2002	0.15	0.16	0.01	0.00156	0.00991		BR
2002	0.16	0.17	0.01	0.00166	0.01157		BR
2002	0.17	0.18	0.01	0.00175	0.01332		BR
2002	0.18	0.19	0.01	0.00184	0.01516		BR
2002	0.19	0.2	0.01	0.00191	0.01707		BR
2002	0.2	0.21	0.01	0.002	0.01907		BR
2002	0.21	0.22	0.01	0.00209	0.02116		BR
2002	0.22	0.23	0.01	0.00219	0.02335		BR
2002	0.23	0.24	0.01	0.0023	0.02565		BR
2002	0.24	0.25	0.01	0.00241	0.02806		BR
2002	0.25	0.26	0.01	0.00251	0.03057		BR
2002	0.26	0.27	0.01	0.00261	0.03318		BR
2002	0.27	0.28	0.01	0.0027	0.03587		BR
2002	0.28	0.29	0.01	0.00277	0.03865		BR
2002	0.29	0.3	0.01	0.00283	0.04148		BR
2002	0.3	0.31	0.01	0.00288	0.04436		BR
2002	0.31	0.32	0.01	0.00291	0.04727		BR
2002	0.32	0.33	0.01	0.00294	0.05021		BR
2002	0.33	0.34	0.01	0.00298	0.05319		BR
2002	0.34	0.35	0.01	0.00302	0.05621		BR
2002	0.35	0.36	0.01	0.00307	0.05928		BR
2002	0.36	0.37	0.01	0.00314	0.06242		BR
2002	0.37	0.38	0.01	0.00323	0.06565		BR
2002	0.38	0.39	0.01	0.00333	0.06898		BR
2002	0.39	0.4	0.01	0.00343	0.07241		BR
2002	0.4	0.41	0.01	0.00353	0.07594		BR
2002	0.41	0.42	0.01	0.00362	0.07957		BR
2002	0.42	0.43	0.01	0.0037	0.08327		BR
2002	0.43	0.44	0.01	0.00378	0.08705		BR
2002	0.44	0.45	0.01	0.00385	0.09091		BR
2002	0.45	0.46	0.01	0.00393	0.09484		BR
2002	0.46	0.47	0.01	0.00401	0.09885		BR
2002	0.47	0.48	0.01	0.0041	0.10295		BR
2002	0.48	0.49	0.01	0.00419	0.10714		BR
2002	0.49	0.5	0.01	0.0043	0.11144		BR
2002	0.5	0.51	0.01	0.00441	0.11585		BR
2002	0.51	0.52	0.01	0.00454	0.12038		BR
2002	0.52	0.53	0.01	0.00466	0.12505		BR
2002	0.53	0.54	0.01	0.0048	0.12984		BR
2002	0.54	0.55	0.01	0.00493	0.13477		BR
2002	0.55	0.56	0.01	0.00506	0.13983		BR
2002	0.56	0.57	0.01	0.00519	0.14503		BR
2002	0.57	0.58	0.01	0.00532	0.15035		BR
2002	0.58	0.59	0.01	0.00545	0.1558		BR
2002	0.59	0.6	0.01	0.00558	0.16138		BR
2002	0.6	0.61	0.01	0.00571	0.16709		BR
2002	0.61	0.62	0.01	0.00585	0.17294		BR
2002	0.62	0.63	0.01	0.006	0.17894		BR
2002	0.63	0.64	0.01	0.00616	0.1851		BR
2002	0.64	0.65	0.01	0.00633	0.19144		BR
2002	0.65	0.66	0.01	0.00651	0.19795		BR
2002	0.66	0.67	0.01	0.00671	0.20466		BR
2002	0.67	0.68	0.01	0.00691	0.21157		BR
2002	0.68	0.69	0.01	0.00712	0.21869		BR
2002	0.69	0.7	0.01	0.00734	0.22603		BR
2002	0.7	0.71	0.01	0.00757	0.2336		BR
2002	0.71	0.72	0.01	0.00779	0.24139		BR
2002	0.72	0.73	0.01	0.00803	0.24942		BR
2002	0.73	0.74	0.01	0.00827	0.25769		BR
2002	0.74	0.75	0.01	0.00852	0.26621		BR
2002	0.75	0.76	0.01	0.00879	0.275		BR
2002	0.76	0.77	0.01	0.00907	0.28407		BR
2002	0.77	0.78	0.01	0.00938	0.29345		BR
2002	0.78	0.79	0.01	0.00972	0.30316		BR
2002	0.79	0.8	0.01	0.01009	0.31325		BR
2002	0.8	0.81	0.01	0.0105	0.32375		BR
2002	0.81	0.82	0.01	0.01096	0.33472		BR
2002	0.82	0.83	0.01	0.01148	0.3462		BR
2002	0.83	0.84	0.01	0.01204	0.35824		BR
2002	0.84	0.85	0.01	0.01267	0.37091		BR
2002	0.85	0.86	0.01	0.01335	0.38426		BR
2002	0.86	0.87	0.01	0.0141	0.39835		BR
2002	0.87	0.88	0.01	0.01491	0.41327		BR
2002	0.88	0.89	0.01	0.01582	0.42909		BR
2002	0.89	0.9	0.01	0.01684	0.44592		BR
2002	0.9	0.91	0.01	0.01803	0.46395		BR
2002	0.91	0.92	0.01	0.01946	0.4834		BR
2002	0.92	0.93	0.01	0.02121	0.50462		BR
2002	0.93	0.94	0.01	0.02344	0.52806		BR
2002	0.94	0.95	0.01	0.02635	0.5544		BR
2002	0.95	0.96	0.01	0.03034	0.58474		BR
2002	0.96	0.97	0.01	0.03622	0.62097		BR
2002	0.97	0.98	0.01	0.04596	0.66692		BR
2002	0.98	0.99	0.01	0.06636	0.73328		BR
2002	0.99	0.991	0.001	0.00889	0.74217		BR
2002	0.991	0.992	0.001	0.0096	0.75176		BR
2002	0.992	0.993	0.001	0.01046	0.76222		BR
2002	0.993	0.994	0.001	0.01154	0.77376		BR
2002	0.994	0.995	0.001	0.01294	0.7867		BR
2002	0.995	0.996	0.001	0.01486	0.80156		BR
2002	0.996	0.997	0.001	0.01766	0.81922		BR
2002	0.997	0.998	0.001	0.02228	0.8415		BR
2002	0.998	0.999	0.001	0.03197	0.87347		BR
2002	0.999	0.9991	0.0001	0.00426	0.87774		BR
2002	0.9991	0.9992	0.0001	0.0046	0.88233		BR
2002	0.9992	0.9993	0.0001	0.005	0.88734		BR
2002	0.9993	0.9994	0.0001	0.00551	0.89285		BR
2002	0.9994	0.9995	0.0001	0.00618	0.89903		BR
2002	0.9995	0.9996	0.0001	0.00708	0.90611		BR
2002	0.9996	0.9997	0.0001	0.0084	0.91451		BR
2002	0.9997	0.9998	0.0001	0.01058	0.92509		BR
2002	0.9998	0.9999	0.0001	0.01515	0.94024		BR
2002	0.9999	0.99991	0.00001	0.00202	0.94226		BR
2002	0.99991	0.99992	0.00001	0.00218	0.94444		BR
2002	0.99992	0.99993	0.00001	0.00237	0.9468		BR
2002	0.99993	0.99994	0.00001	0.00261	0.94941		BR
2002	0.99994	0.99995	0.00001	0.00292	0.95233		BR
2002	0.99995	0.99996	0.00001	0.00335	0.95568		BR
2002	0.99996	0.99997	0.00001	0.00397	0.95965		BR
2002	0.99997	0.99998	0.00001	0.005	0.96465		BR
2002	0.99998	0.99999	0.00001	0.00715	0.9718		BR
2002	0.99999	1	0.00001	0.0282	1		BR
2001	0	0.01	0.01	0.00002	0.00002		BR
2001	0.01	0.02	0.01	0.00006	0.00008		BR
2001	0.02	0.03	0.01	0.0001	0.00018		BR
2001	0.03	0.04	0.01	0.00015	0.00033		BR
2001	0.04	0.05	0.01	0.0002	0.00054		BR
2001	0.05	0.06	0.01	0.00026	0.0008		BR
2001	0.06	0.07	0.01	0.00034	0.00114		BR
2001	0.07	0.08	0.01	0.00042	0.00156		BR
2001	0.08	0.09	0.01	0.00052	0.00208		BR
2001	0.09	0.1	0.01	0.00064	0.00271		BR
2001	0.1	0.11	0.01	0.00078	0.0035		BR
2001	0.11	0.12	0.01	0.00094	0.00444		BR
2001	0.12	0.13	0.01	0.00111	0.00554		BR
2001	0.13	0.14	0.01	0.00127	0.00682		BR
2001	0.14	0.15	0.01	0.00143	0.00824		BR
2001	0.15	0.16	0.01	0.00156	0.00981		BR
2001	0.16	0.17	0.01	0.00168	0.01149		BR
2001	0.17	0.18	0.01	0.00178	0.01327		BR
2001	0.18	0.19	0.01	0.00186	0.01513		BR
2001	0.19	0.2	0.01	0.00193	0.01706		BR
2001	0.2	0.21	0.01	0.00201	0.01907		BR
2001	0.21	0.22	0.01	0.0021	0.02117		BR
2001	0.22	0.23	0.01	0.0022	0.02337		BR
2001	0.23	0.24	0.01	0.0023	0.02567		BR
2001	0.24	0.25	0.01	0.00241	0.02808		BR
2001	0.25	0.26	0.01	0.00251	0.03059		BR
2001	0.26	0.27	0.01	0.00261	0.03319		BR
2001	0.27	0.28	0.01	0.0027	0.03589		BR
2001	0.28	0.29	0.01	0.00278	0.03867		BR
2001	0.29	0.3	0.01	0.00285	0.04152		BR
2001	0.3	0.31	0.01	0.0029	0.04442		BR
2001	0.31	0.32	0.01	0.00295	0.04737		BR
2001	0.32	0.33	0.01	0.00299	0.05035		BR
2001	0.33	0.34	0.01	0.00303	0.05338		BR
2001	0.34	0.35	0.01	0.00307	0.05645		BR
2001	0.35	0.36	0.01	0.00313	0.05958		BR
2001	0.36	0.37	0.01	0.00319	0.06277		BR
2001	0.37	0.38	0.01	0.00327	0.06604		BR
2001	0.38	0.39	0.01	0.00336	0.06939		BR
2001	0.39	0.4	0.01	0.00345	0.07284		BR
2001	0.4	0.41	0.01	0.00355	0.07639		BR
2001	0.41	0.42	0.01	0.00364	0.08003		BR
2001	0.42	0.43	0.01	0.00374	0.08377		BR
2001	0.43	0.44	0.01	0.00383	0.0876		BR
2001	0.44	0.45	0.01	0.00393	0.09153		BR
2001	0.45	0.46	0.01	0.00402	0.09555		BR
2001	0.46	0.47	0.01	0.00412	0.09967		BR
2001	0.47	0.48	0.01	0.00423	0.1039		BR
2001	0.48	0.49	0.01	0.00433	0.10823		BR
2001	0.49	0.5	0.01	0.00444	0.11267		BR
2001	0.5	0.51	0.01	0.00455	0.11722		BR
2001	0.51	0.52	0.01	0.00466	0.12188		BR
2001	0.52	0.53	0.01	0.00477	0.12665		BR
2001	0.53	0.54	0.01	0.00488	0.13153		BR
2001	0.54	0.55	0.01	0.00501	0.13653		BR
2001	0.55	0.56	0.01	0.00514	0.14167		BR
2001	0.56	0.57	0.01	0.00528	0.14696		BR
2001	0.57	0.58	0.01	0.00543	0.15239		BR
2001	0.58	0.59	0.01	0.00559	0.15798		BR
2001	0.59	0.6	0.01	0.00574	0.16372		BR
2001	0.6	0.61	0.01	0.00589	0.16961		BR
2001	0.61	0.62	0.01	0.00603	0.17564		BR
2001	0.62	0.63	0.01	0.00617	0.18181		BR
2001	0.63	0.64	0.01	0.00632	0.18813		BR
2001	0.64	0.65	0.01	0.00647	0.1946		BR
2001	0.65	0.66	0.01	0.00665	0.20125		BR
2001	0.66	0.67	0.01	0.00685	0.20811		BR
2001	0.67	0.68	0.01	0.00708	0.21519		BR
2001	0.68	0.69	0.01	0.00733	0.22252		BR
2001	0.69	0.7	0.01	0.00758	0.2301		BR
2001	0.7	0.71	0.01	0.00783	0.23793		BR
2001	0.71	0.72	0.01	0.00807	0.246		BR
2001	0.72	0.73	0.01	0.00829	0.25429		BR
2001	0.73	0.74	0.01	0.00851	0.2628		BR
2001	0.74	0.75	0.01	0.00875	0.27155		BR
2001	0.75	0.76	0.01	0.00901	0.28055		BR
2001	0.76	0.77	0.01	0.0093	0.28985		BR
2001	0.77	0.78	0.01	0.00963	0.29948		BR
2001	0.78	0.79	0.01	0.01001	0.30949		BR
2001	0.79	0.8	0.01	0.01043	0.31992		BR
2001	0.8	0.81	0.01	0.01089	0.33081		BR
2001	0.81	0.82	0.01	0.01136	0.34217		BR
2001	0.82	0.83	0.01	0.01187	0.35404		BR
2001	0.83	0.84	0.01	0.01241	0.36645		BR
2001	0.84	0.85	0.01	0.01301	0.37946		BR
2001	0.85	0.86	0.01	0.01367	0.39313		BR
2001	0.86	0.87	0.01	0.01442	0.40755		BR
2001	0.87	0.88	0.01	0.01529	0.42284		BR
2001	0.88	0.89	0.01	0.01629	0.43913		BR
2001	0.89	0.9	0.01	0.01744	0.45657		BR
2001	0.9	0.91	0.01	0.01877	0.47534		BR
2001	0.91	0.92	0.01	0.02028	0.49561		BR
2001	0.92	0.93	0.01	0.02205	0.51766		BR
2001	0.93	0.94	0.01	0.02419	0.54185		BR
2001	0.94	0.95	0.01	0.02692	0.56878		BR
2001	0.95	0.96	0.01	0.03064	0.59942		BR
2001	0.96	0.97	0.01	0.03623	0.63565		BR
2001	0.97	0.98	0.01	0.04596	0.68161		BR
2001	0.98	0.99	0.01	0.06763	0.74923		BR
2001	0.99	1	0.01	0.25077	1		BR
