year	low	high	width	share	cumul	# sptinc992j	country
2014	0	0.01	0.01	0.0001	0.0001		CI
2014	0.01	0.02	0.01	0.00025	0.00034		CI
2014	0.02	0.03	0.01	0.00038	0.00072		CI
2014	0.03	0.04	0.01	0.00051	0.00123		CI
2014	0.04	0.05	0.01	0.00063	0.00186		CI
2014	0.05	0.06	0.01	0.00075	0.00261		CI
2014	0.06	0.07	0.01	0.00086	0.00347		CI
2014	0.07	0.08	0.01	0.00096	0.00444		CI
2014	0.08	0.09	0.01	0.00109	0.00553		CI
2014	0.09	0.1	0.01	0.00124	0.00677		CI
2014	0.1	0.11	0.01	0.00136	0.00813		CI
2014	0.11	0.12	0.01	0.00143	0.00956		CI
2014	0.12	0.13	0.01	0.00152	0.01108		CI
2014	0.13	0.14	0.01	0.00163	0.01271		CI
2014	0.14	0.15	0.01	0.00173	0.01445		CI
2014	0.15	0.16	0.01	0.00182	0.01627		CI
2014	0.16	0.17	0.01	0.00191	0.01818		CI
2014	0.17	0.18	0.01	0.00201	0.02019		CI
2014	0.18	0.19	0.01	0.00211	0.0223		CI
2014	0.19	0.2	0.01	0.0022	0.02451		CI
2014	0.2	0.21	0.01	0.00228	0.02679		CI
2014	0.21	0.22	0.01	0.00237	0.02916		CI
2014	0.22	0.23	0.01	0.00247	0.03163		CI
2014	0.23	0.24	0.01	0.00259	0.03423		CI
2014	0.24	0.25	0.01	0.00269	0.03692		CI
2014	0.25	0.26	0.01	0.00276	0.03968		CI
2014	0.26	0.27	0.01	0.00283	0.04251		CI
2014	0.27	0.28	0.01	0.00292	0.04543		CI
2014	0.28	0.29	0.01	0.003	0.04843		CI
2014	0.29	0.3	0.01	0.00307	0.0515		CI
2014	0.3	0.31	0.01	0.00317	0.05467		CI
2014	0.31	0.32	0.01	0.00329	0.05797		CI
2014	0.32	0.33	0.01	0.00339	0.06135		CI
2014	0.33	0.34	0.01	0.00345	0.06481		CI
2014	0.34	0.35	0.01	0.00353	0.06834		CI
2014	0.35	0.36	0.01	0.00364	0.07197		CI
2014	0.36	0.37	0.01	0.00378	0.07575		CI
2014	0.37	0.38	0.01	0.00392	0.07967		CI
2014	0.38	0.39	0.01	0.00402	0.08369		CI
2014	0.39	0.4	0.01	0.00409	0.08778		CI
2014	0.4	0.41	0.01	0.00417	0.09195		CI
2014	0.41	0.42	0.01	0.00429	0.09624		CI
2014	0.42	0.43	0.01	0.0044	0.10065		CI
2014	0.43	0.44	0.01	0.0045	0.10515		CI
2014	0.44	0.45	0.01	0.00461	0.10976		CI
2014	0.45	0.46	0.01	0.00472	0.11448		CI
2014	0.46	0.47	0.01	0.00483	0.11931		CI
2014	0.47	0.48	0.01	0.00493	0.12424		CI
2014	0.48	0.49	0.01	0.00505	0.12929		CI
2014	0.49	0.5	0.01	0.00519	0.13448		CI
2014	0.5	0.51	0.01	0.00532	0.1398		CI
2014	0.51	0.52	0.01	0.00544	0.14524		CI
2014	0.52	0.53	0.01	0.00557	0.1508		CI
2014	0.53	0.54	0.01	0.00571	0.15652		CI
2014	0.54	0.55	0.01	0.00586	0.16237		CI
2014	0.55	0.56	0.01	0.006	0.16837		CI
2014	0.56	0.57	0.01	0.00617	0.17453		CI
2014	0.57	0.58	0.01	0.00638	0.18091		CI
2014	0.58	0.59	0.01	0.00656	0.18747		CI
2014	0.59	0.6	0.01	0.00668	0.19415		CI
2014	0.6	0.61	0.01	0.00678	0.20094		CI
2014	0.61	0.62	0.01	0.00694	0.20788		CI
2014	0.62	0.63	0.01	0.00715	0.21503		CI
2014	0.63	0.64	0.01	0.00736	0.22239		CI
2014	0.64	0.65	0.01	0.00755	0.22994		CI
2014	0.65	0.66	0.01	0.00776	0.2377		CI
2014	0.66	0.67	0.01	0.00796	0.24566		CI
2014	0.67	0.68	0.01	0.00814	0.2538		CI
2014	0.68	0.69	0.01	0.00834	0.26214		CI
2014	0.69	0.7	0.01	0.00856	0.27071		CI
2014	0.7	0.71	0.01	0.00878	0.27949		CI
2014	0.71	0.72	0.01	0.009	0.28849		CI
2014	0.72	0.73	0.01	0.00928	0.29777		CI
2014	0.73	0.74	0.01	0.00959	0.30736		CI
2014	0.74	0.75	0.01	0.00985	0.3172		CI
2014	0.75	0.76	0.01	0.01004	0.32725		CI
2014	0.76	0.77	0.01	0.01031	0.33756		CI
2014	0.77	0.78	0.01	0.01075	0.34831		CI
2014	0.78	0.79	0.01	0.01119	0.35949		CI
2014	0.79	0.8	0.01	0.01154	0.37104		CI
2014	0.8	0.81	0.01	0.01191	0.38295		CI
2014	0.81	0.82	0.01	0.01238	0.39533		CI
2014	0.82	0.83	0.01	0.01288	0.40821		CI
2014	0.83	0.84	0.01	0.01335	0.42156		CI
2014	0.84	0.85	0.01	0.01388	0.43544		CI
2014	0.85	0.86	0.01	0.01454	0.44998		CI
2014	0.86	0.87	0.01	0.01529	0.46527		CI
2014	0.87	0.88	0.01	0.01616	0.48143		CI
2014	0.88	0.89	0.01	0.01727	0.4987		CI
2014	0.89	0.9	0.01	0.01841	0.51711		CI
2014	0.9	0.91	0.01	0.02003	0.53714		CI
2014	0.91	0.92	0.01	0.02143	0.55857		CI
2014	0.92	0.93	0.01	0.0231	0.58168		CI
2014	0.93	0.94	0.01	0.02591	0.60759		CI
2014	0.94	0.95	0.01	0.02925	0.63684		CI
2014	0.95	0.96	0.01	0.03421	0.67104		CI
2014	0.96	0.97	0.01	0.0404	0.71144		CI
2014	0.97	0.98	0.01	0.04924	0.76069		CI
2014	0.98	0.99	0.01	0.06851	0.8292		CI
2014	0.99	0.991	0.001	0.0093	0.83849		CI
2014	0.991	0.992	0.001	0.0099	0.84839		CI
2014	0.992	0.993	0.001	0.01093	0.85932		CI
2014	0.993	0.994	0.001	0.01212	0.87144		CI
2014	0.994	0.995	0.001	0.01316	0.8846		CI
2014	0.995	0.996	0.001	0.01398	0.89858		CI
2014	0.996	0.997	0.001	0.01503	0.91361		CI
2014	0.997	0.998	0.001	0.01859	0.93221		CI
2014	0.998	0.999	0.001	0.02488	0.95709		CI
2014	0.999	0.9991	0.0001	0.00319	0.96027		CI
2014	0.9991	0.9992	0.0001	0.00334	0.96362		CI
2014	0.9992	0.9993	0.0001	0.00352	0.96713		CI
2014	0.9993	0.9994	0.0001	0.00371	0.97084		CI
2014	0.9994	0.9995	0.0001	0.00392	0.97476		CI
2014	0.9995	0.9996	0.0001	0.00417	0.97893		CI
2014	0.9996	0.9997	0.0001	0.00447	0.9834		CI
2014	0.9997	0.9998	0.0001	0.00484	0.98824		CI
2014	0.9998	0.9999	0.0001	0.00536	0.9936		CI
2014	0.9999	0.99991	0.00001	0.00057	0.99417		CI
2014	0.99991	0.99992	0.00001	0.00058	0.99476		CI
2014	0.99992	0.99993	0.00001	0.00059	0.99535		CI
2014	0.99993	0.99994	0.00001	0.00061	0.99596		CI
2014	0.99994	0.99995	0.00001	0.00062	0.99657		CI
2014	0.99995	0.99996	0.00001	0.00063	0.99721		CI
2014	0.99996	0.99997	0.00001	0.00065	0.99786		CI
2014	0.99997	0.99998	0.00001	0.00067	0.99853		CI
2014	0.99998	0.99999	0.00001	0.0007	0.99923		CI
2014	0.99999	1	0.00001	0.00077	1		CI
2008	0	0.01	0.01	0.00018	0.00018		CI
2008	0.01	0.02	0.01	0.00038	0.00056		CI
2008	0.02	0.03	0.01	0.00053	0.00109		CI
2008	0.03	0.04	0.01	0.00067	0.00176		CI
2008	0.04	0.05	0.01	0.00079	0.00255		CI
2008	0.05	0.06	0.01	0.00091	0.00346		CI
2008	0.06	0.07	0.01	0.00101	0.00447		CI
2008	0.07	0.08	0.01	0.00109	0.00556		CI
2008	0.08	0.09	0.01	0.00117	0.00673		CI
2008	0.09	0.1	0.01	0.00127	0.008		CI
2008	0.1	0.11	0.01	0.00135	0.00935		CI
2008	0.11	0.12	0.01	0.00142	0.01078		CI
2008	0.12	0.13	0.01	0.0015	0.01228		CI
2008	0.13	0.14	0.01	0.0016	0.01388		CI
2008	0.14	0.15	0.01	0.00168	0.01556		CI
2008	0.15	0.16	0.01	0.00176	0.01732		CI
2008	0.16	0.17	0.01	0.00184	0.01916		CI
2008	0.17	0.18	0.01	0.00194	0.0211		CI
2008	0.18	0.19	0.01	0.00204	0.02313		CI
2008	0.19	0.2	0.01	0.00213	0.02526		CI
2008	0.2	0.21	0.01	0.00223	0.02749		CI
2008	0.21	0.22	0.01	0.00233	0.02982		CI
2008	0.22	0.23	0.01	0.00242	0.03223		CI
2008	0.23	0.24	0.01	0.00247	0.03471		CI
2008	0.24	0.25	0.01	0.00255	0.03725		CI
2008	0.25	0.26	0.01	0.00265	0.03991		CI
2008	0.26	0.27	0.01	0.00276	0.04267		CI
2008	0.27	0.28	0.01	0.00284	0.04551		CI
2008	0.28	0.29	0.01	0.0029	0.04841		CI
2008	0.29	0.3	0.01	0.00297	0.05138		CI
2008	0.3	0.31	0.01	0.00306	0.05444		CI
2008	0.31	0.32	0.01	0.00316	0.0576		CI
2008	0.32	0.33	0.01	0.00327	0.06088		CI
2008	0.33	0.34	0.01	0.00337	0.06425		CI
2008	0.34	0.35	0.01	0.00346	0.0677		CI
2008	0.35	0.36	0.01	0.00354	0.07125		CI
2008	0.36	0.37	0.01	0.00362	0.07487		CI
2008	0.37	0.38	0.01	0.00371	0.07858		CI
2008	0.38	0.39	0.01	0.00382	0.0824		CI
2008	0.39	0.4	0.01	0.00393	0.08633		CI
2008	0.4	0.41	0.01	0.00405	0.09038		CI
2008	0.41	0.42	0.01	0.00416	0.09453		CI
2008	0.42	0.43	0.01	0.00426	0.09879		CI
2008	0.43	0.44	0.01	0.00435	0.10314		CI
2008	0.44	0.45	0.01	0.00444	0.10759		CI
2008	0.45	0.46	0.01	0.00455	0.11213		CI
2008	0.46	0.47	0.01	0.00468	0.11681		CI
2008	0.47	0.48	0.01	0.00482	0.12163		CI
2008	0.48	0.49	0.01	0.00494	0.12657		CI
2008	0.49	0.5	0.01	0.00504	0.13162		CI
2008	0.5	0.51	0.01	0.00513	0.13675		CI
2008	0.51	0.52	0.01	0.00523	0.14198		CI
2008	0.52	0.53	0.01	0.00533	0.14731		CI
2008	0.53	0.54	0.01	0.00546	0.15277		CI
2008	0.54	0.55	0.01	0.00559	0.15836		CI
2008	0.55	0.56	0.01	0.00573	0.16409		CI
2008	0.56	0.57	0.01	0.00586	0.16995		CI
2008	0.57	0.58	0.01	0.00598	0.17593		CI
2008	0.58	0.59	0.01	0.00612	0.18205		CI
2008	0.59	0.6	0.01	0.00628	0.18833		CI
2008	0.6	0.61	0.01	0.00644	0.19476		CI
2008	0.61	0.62	0.01	0.0066	0.20136		CI
2008	0.62	0.63	0.01	0.00678	0.20814		CI
2008	0.63	0.64	0.01	0.00697	0.21512		CI
2008	0.64	0.65	0.01	0.00714	0.22226		CI
2008	0.65	0.66	0.01	0.00729	0.22955		CI
2008	0.66	0.67	0.01	0.00749	0.23704		CI
2008	0.67	0.68	0.01	0.00776	0.2448		CI
2008	0.68	0.69	0.01	0.00802	0.25282		CI
2008	0.69	0.7	0.01	0.00825	0.26108		CI
2008	0.7	0.71	0.01	0.00846	0.26954		CI
2008	0.71	0.72	0.01	0.00867	0.27822		CI
2008	0.72	0.73	0.01	0.00889	0.28711		CI
2008	0.73	0.74	0.01	0.00913	0.29624		CI
2008	0.74	0.75	0.01	0.00941	0.30565		CI
2008	0.75	0.76	0.01	0.00971	0.31536		CI
2008	0.76	0.77	0.01	0.01	0.32537		CI
2008	0.77	0.78	0.01	0.0103	0.33567		CI
2008	0.78	0.79	0.01	0.01068	0.34635		CI
2008	0.79	0.8	0.01	0.01115	0.3575		CI
2008	0.8	0.81	0.01	0.0116	0.3691		CI
2008	0.81	0.82	0.01	0.012	0.3811		CI
2008	0.82	0.83	0.01	0.01243	0.39353		CI
2008	0.83	0.84	0.01	0.01297	0.4065		CI
2008	0.84	0.85	0.01	0.0136	0.42011		CI
2008	0.85	0.86	0.01	0.01434	0.43444		CI
2008	0.86	0.87	0.01	0.01521	0.44965		CI
2008	0.87	0.88	0.01	0.01622	0.46587		CI
2008	0.88	0.89	0.01	0.01725	0.48312		CI
2008	0.89	0.9	0.01	0.01808	0.5012		CI
2008	0.9	0.91	0.01	0.01992	0.52112		CI
2008	0.91	0.92	0.01	0.02092	0.54204		CI
2008	0.92	0.93	0.01	0.02275	0.56479		CI
2008	0.93	0.94	0.01	0.02556	0.59035		CI
2008	0.94	0.95	0.01	0.02899	0.61934		CI
2008	0.95	0.96	0.01	0.03404	0.65338		CI
2008	0.96	0.97	0.01	0.04016	0.69354		CI
2008	0.97	0.98	0.01	0.05181	0.74535		CI
2008	0.98	0.99	0.01	0.07175	0.8171		CI
2008	0.99	0.991	0.001	0.00893	0.82603		CI
2008	0.991	0.992	0.001	0.00945	0.83548		CI
2008	0.992	0.993	0.001	0.01071	0.8462		CI
2008	0.993	0.994	0.001	0.01204	0.85823		CI
2008	0.994	0.995	0.001	0.01275	0.87098		CI
2008	0.995	0.996	0.001	0.01517	0.88615		CI
2008	0.996	0.997	0.001	0.01804	0.90419		CI
2008	0.997	0.998	0.001	0.02236	0.92654		CI
2008	0.998	0.999	0.001	0.02998	0.95652		CI
2008	0.999	0.9991	0.0001	0.00373	0.96025		CI
2008	0.9991	0.9992	0.0001	0.00389	0.96414		CI
2008	0.9992	0.9993	0.0001	0.00404	0.96818		CI
2008	0.9993	0.9994	0.0001	0.00418	0.97236		CI
2008	0.9994	0.9995	0.0001	0.00432	0.97668		CI
2008	0.9995	0.9996	0.0001	0.00445	0.98113		CI
2008	0.9996	0.9997	0.0001	0.00457	0.9857		CI
2008	0.9997	0.9998	0.0001	0.00468	0.99037		CI
2008	0.9998	0.9999	0.0001	0.00477	0.99515		CI
2008	0.9999	0.99991	0.00001	0.00048	0.99563		CI
2008	0.99991	0.99992	0.00001	0.00048	0.99611		CI
2008	0.99992	0.99993	0.00001	0.00048	0.9966		CI
2008	0.99993	0.99994	0.00001	0.00048	0.99708		CI
2008	0.99994	0.99995	0.00001	0.00048	0.99757		CI
2008	0.99995	0.99996	0.00001	0.00049	0.99805		CI
2008	0.99996	0.99997	0.00001	0.00049	0.99854		CI
2008	0.99997	0.99998	0.00001	0.00049	0.99903		CI
2008	0.99998	0.99999	0.00001	0.00049	0.99951		CI
2008	0.99999	1	0.00001	0.00049	1		CI
2002	0	0.01	0.01	0.00012	0.00012		CI
2002	0.01	0.02	0.01	0.00027	0.00039		CI
2002	0.02	0.03	0.01	0.00039	0.00078		CI
2002	0.03	0.04	0.01	0.00051	0.00129		CI
2002	0.04	0.05	0.01	0.0006	0.00189		CI
2002	0.05	0.06	0.01	0.00069	0.00257		CI
2002	0.06	0.07	0.01	0.00077	0.00334		CI
2002	0.07	0.08	0.01	0.00085	0.0042		CI
2002	0.08	0.09	0.01	0.00095	0.00515		CI
2002	0.09	0.1	0.01	0.00106	0.00621		CI
2002	0.1	0.11	0.01	0.00116	0.00737		CI
2002	0.11	0.12	0.01	0.00125	0.00862		CI
2002	0.12	0.13	0.01	0.00135	0.00996		CI
2002	0.13	0.14	0.01	0.00144	0.0114		CI
2002	0.14	0.15	0.01	0.00153	0.01293		CI
2002	0.15	0.16	0.01	0.0016	0.01453		CI
2002	0.16	0.17	0.01	0.00168	0.01621		CI
2002	0.17	0.18	0.01	0.00176	0.01796		CI
2002	0.18	0.19	0.01	0.00183	0.01979		CI
2002	0.19	0.2	0.01	0.00189	0.02169		CI
2002	0.2	0.21	0.01	0.00196	0.02365		CI
2002	0.21	0.22	0.01	0.00205	0.0257		CI
2002	0.22	0.23	0.01	0.00213	0.02783		CI
2002	0.23	0.24	0.01	0.00221	0.03004		CI
2002	0.24	0.25	0.01	0.00229	0.03233		CI
2002	0.25	0.26	0.01	0.00237	0.0347		CI
2002	0.26	0.27	0.01	0.00245	0.03715		CI
2002	0.27	0.28	0.01	0.00255	0.0397		CI
2002	0.28	0.29	0.01	0.00263	0.04233		CI
2002	0.29	0.3	0.01	0.00271	0.04504		CI
2002	0.3	0.31	0.01	0.00277	0.04781		CI
2002	0.31	0.32	0.01	0.00285	0.05065		CI
2002	0.32	0.33	0.01	0.00294	0.05359		CI
2002	0.33	0.34	0.01	0.00303	0.05662		CI
2002	0.34	0.35	0.01	0.00312	0.05974		CI
2002	0.35	0.36	0.01	0.00319	0.06293		CI
2002	0.36	0.37	0.01	0.00329	0.06621		CI
2002	0.37	0.38	0.01	0.0034	0.06961		CI
2002	0.38	0.39	0.01	0.00349	0.0731		CI
2002	0.39	0.4	0.01	0.00355	0.07665		CI
2002	0.4	0.41	0.01	0.00362	0.08027		CI
2002	0.41	0.42	0.01	0.00373	0.084		CI
2002	0.42	0.43	0.01	0.00383	0.08782		CI
2002	0.43	0.44	0.01	0.00389	0.09172		CI
2002	0.44	0.45	0.01	0.00398	0.09569		CI
2002	0.45	0.46	0.01	0.0041	0.0998		CI
2002	0.46	0.47	0.01	0.00423	0.10403		CI
2002	0.47	0.48	0.01	0.00433	0.10836		CI
2002	0.48	0.49	0.01	0.00441	0.11277		CI
2002	0.49	0.5	0.01	0.0045	0.11727		CI
2002	0.5	0.51	0.01	0.0046	0.12187		CI
2002	0.51	0.52	0.01	0.00471	0.12658		CI
2002	0.52	0.53	0.01	0.00487	0.13145		CI
2002	0.53	0.54	0.01	0.00505	0.1365		CI
2002	0.54	0.55	0.01	0.0052	0.1417		CI
2002	0.55	0.56	0.01	0.0053	0.147		CI
2002	0.56	0.57	0.01	0.00538	0.15239		CI
2002	0.57	0.58	0.01	0.00551	0.1579		CI
2002	0.58	0.59	0.01	0.00567	0.16357		CI
2002	0.59	0.6	0.01	0.00584	0.1694		CI
2002	0.6	0.61	0.01	0.00598	0.17538		CI
2002	0.61	0.62	0.01	0.00609	0.18147		CI
2002	0.62	0.63	0.01	0.00619	0.18766		CI
2002	0.63	0.64	0.01	0.0063	0.19396		CI
2002	0.64	0.65	0.01	0.00644	0.2004		CI
2002	0.65	0.66	0.01	0.00662	0.20703		CI
2002	0.66	0.67	0.01	0.00684	0.21386		CI
2002	0.67	0.68	0.01	0.00706	0.22093		CI
2002	0.68	0.69	0.01	0.00727	0.22819		CI
2002	0.69	0.7	0.01	0.00745	0.23564		CI
2002	0.7	0.71	0.01	0.00767	0.24331		CI
2002	0.71	0.72	0.01	0.00794	0.25125		CI
2002	0.72	0.73	0.01	0.00825	0.2595		CI
2002	0.73	0.74	0.01	0.00852	0.26802		CI
2002	0.74	0.75	0.01	0.00874	0.27676		CI
2002	0.75	0.76	0.01	0.00892	0.28568		CI
2002	0.76	0.77	0.01	0.00918	0.29486		CI
2002	0.77	0.78	0.01	0.00955	0.30441		CI
2002	0.78	0.79	0.01	0.00998	0.31438		CI
2002	0.79	0.8	0.01	0.01039	0.32478		CI
2002	0.8	0.81	0.01	0.01079	0.33557		CI
2002	0.81	0.82	0.01	0.0112	0.34677		CI
2002	0.82	0.83	0.01	0.0117	0.35846		CI
2002	0.83	0.84	0.01	0.01232	0.37078		CI
2002	0.84	0.85	0.01	0.01309	0.38387		CI
2002	0.85	0.86	0.01	0.01396	0.39783		CI
2002	0.86	0.87	0.01	0.01488	0.41271		CI
2002	0.87	0.88	0.01	0.01587	0.42858		CI
2002	0.88	0.89	0.01	0.01701	0.44559		CI
2002	0.89	0.9	0.01	0.01804	0.46363		CI
2002	0.9	0.91	0.01	0.02007	0.48371		CI
2002	0.91	0.92	0.01	0.02097	0.50468		CI
2002	0.92	0.93	0.01	0.02266	0.52734		CI
2002	0.93	0.94	0.01	0.02557	0.55291		CI
2002	0.94	0.95	0.01	0.02898	0.58189		CI
2002	0.95	0.96	0.01	0.03425	0.61614		CI
2002	0.96	0.97	0.01	0.04147	0.65761		CI
2002	0.97	0.98	0.01	0.05443	0.71204		CI
2002	0.98	0.99	0.01	0.07768	0.78972		CI
2002	0.99	0.991	0.001	0.01063	0.80035		CI
2002	0.991	0.992	0.001	0.01124	0.8116		CI
2002	0.992	0.993	0.001	0.01264	0.82424		CI
2002	0.993	0.994	0.001	0.01485	0.83908		CI
2002	0.994	0.995	0.001	0.01615	0.85524		CI
2002	0.995	0.996	0.001	0.01841	0.87364		CI
2002	0.996	0.997	0.001	0.0202	0.89385		CI
2002	0.997	0.998	0.001	0.02498	0.91883		CI
2002	0.998	0.999	0.001	0.03043	0.94926		CI
2002	0.999	0.9991	0.0001	0.00409	0.95335		CI
2002	0.9991	0.9992	0.0001	0.00423	0.95758		CI
2002	0.9992	0.9993	0.0001	0.0044	0.96198		CI
2002	0.9993	0.9994	0.0001	0.00457	0.96656		CI
2002	0.9994	0.9995	0.0001	0.00477	0.97133		CI
2002	0.9995	0.9996	0.0001	0.005	0.97633		CI
2002	0.9996	0.9997	0.0001	0.00526	0.98159		CI
2002	0.9997	0.9998	0.0001	0.00558	0.98717		CI
2002	0.9998	0.9999	0.0001	0.00601	0.99318		CI
2002	0.9999	0.99991	0.00001	0.00063	0.99381		CI
2002	0.99991	0.99992	0.00001	0.00064	0.99446		CI
2002	0.99992	0.99993	0.00001	0.00065	0.9951		CI
2002	0.99993	0.99994	0.00001	0.00066	0.99576		CI
2002	0.99994	0.99995	0.00001	0.00067	0.99643		CI
2002	0.99995	0.99996	0.00001	0.00068	0.99711		CI
2002	0.99996	0.99997	0.00001	0.00069	0.9978		CI
2002	0.99997	0.99998	0.00001	0.00071	0.9985		CI
2002	0.99998	0.99999	0.00001	0.00073	0.99923		CI
2002	0.99999	1	0.00001	0.00077	1		CI
1998	0	0.01	0.01	0.00021	0.00021		CI
1998	0.01	0.02	0.01	0.00049	0.00069		CI
1998	0.02	0.03	0.01	0.00071	0.0014		CI
1998	0.03	0.04	0.01	0.00091	0.00231		CI
1998	0.04	0.05	0.01	0.00105	0.00336		CI
1998	0.05	0.06	0.01	0.00114	0.0045		CI
1998	0.06	0.07	0.01	0.00124	0.00574		CI
1998	0.07	0.08	0.01	0.00134	0.00708		CI
1998	0.08	0.09	0.01	0.00146	0.00854		CI
1998	0.09	0.1	0.01	0.00157	0.01011		CI
1998	0.1	0.11	0.01	0.00168	0.01179		CI
1998	0.11	0.12	0.01	0.00176	0.01355		CI
1998	0.12	0.13	0.01	0.00183	0.01538		CI
1998	0.13	0.14	0.01	0.00189	0.01727		CI
1998	0.14	0.15	0.01	0.00197	0.01924		CI
1998	0.15	0.16	0.01	0.00205	0.0213		CI
1998	0.16	0.17	0.01	0.00214	0.02344		CI
1998	0.17	0.18	0.01	0.00222	0.02566		CI
1998	0.18	0.19	0.01	0.0023	0.02796		CI
1998	0.19	0.2	0.01	0.00238	0.03034		CI
1998	0.2	0.21	0.01	0.00249	0.03283		CI
1998	0.21	0.22	0.01	0.00261	0.03544		CI
1998	0.22	0.23	0.01	0.0027	0.03814		CI
1998	0.23	0.24	0.01	0.00277	0.04091		CI
1998	0.24	0.25	0.01	0.00285	0.04376		CI
1998	0.25	0.26	0.01	0.00295	0.04671		CI
1998	0.26	0.27	0.01	0.00304	0.04974		CI
1998	0.27	0.28	0.01	0.00311	0.05285		CI
1998	0.28	0.29	0.01	0.00318	0.05603		CI
1998	0.29	0.3	0.01	0.00328	0.05931		CI
1998	0.3	0.31	0.01	0.00337	0.06268		CI
1998	0.31	0.32	0.01	0.00344	0.06612		CI
1998	0.32	0.33	0.01	0.00352	0.06964		CI
1998	0.33	0.34	0.01	0.00361	0.07326		CI
1998	0.34	0.35	0.01	0.0037	0.07696		CI
1998	0.35	0.36	0.01	0.00378	0.08073		CI
1998	0.36	0.37	0.01	0.00385	0.08458		CI
1998	0.37	0.38	0.01	0.00393	0.08851		CI
1998	0.38	0.39	0.01	0.00402	0.09254		CI
1998	0.39	0.4	0.01	0.00412	0.09666		CI
1998	0.4	0.41	0.01	0.00424	0.1009		CI
1998	0.41	0.42	0.01	0.00436	0.10526		CI
1998	0.42	0.43	0.01	0.00448	0.10974		CI
1998	0.43	0.44	0.01	0.00457	0.11431		CI
1998	0.44	0.45	0.01	0.00465	0.11896		CI
1998	0.45	0.46	0.01	0.00474	0.1237		CI
1998	0.46	0.47	0.01	0.00485	0.12855		CI
1998	0.47	0.48	0.01	0.00496	0.13351		CI
1998	0.48	0.49	0.01	0.00506	0.13857		CI
1998	0.49	0.5	0.01	0.00518	0.14375		CI
1998	0.5	0.51	0.01	0.00531	0.14906		CI
1998	0.51	0.52	0.01	0.00546	0.15452		CI
1998	0.52	0.53	0.01	0.00558	0.1601		CI
1998	0.53	0.54	0.01	0.00568	0.16577		CI
1998	0.54	0.55	0.01	0.00579	0.17156		CI
1998	0.55	0.56	0.01	0.00593	0.17749		CI
1998	0.56	0.57	0.01	0.00609	0.18359		CI
1998	0.57	0.58	0.01	0.00625	0.18984		CI
1998	0.58	0.59	0.01	0.00639	0.19622		CI
1998	0.59	0.6	0.01	0.00651	0.20274		CI
1998	0.6	0.61	0.01	0.00666	0.20939		CI
1998	0.61	0.62	0.01	0.00683	0.21622		CI
1998	0.62	0.63	0.01	0.00701	0.22323		CI
1998	0.63	0.64	0.01	0.00716	0.23039		CI
1998	0.64	0.65	0.01	0.0073	0.23769		CI
1998	0.65	0.66	0.01	0.00744	0.24513		CI
1998	0.66	0.67	0.01	0.00761	0.25275		CI
1998	0.67	0.68	0.01	0.00782	0.26056		CI
1998	0.68	0.69	0.01	0.00801	0.26857		CI
1998	0.69	0.7	0.01	0.00817	0.27674		CI
1998	0.7	0.71	0.01	0.00834	0.28508		CI
1998	0.71	0.72	0.01	0.00854	0.29362		CI
1998	0.72	0.73	0.01	0.00878	0.3024		CI
1998	0.73	0.74	0.01	0.00903	0.31143		CI
1998	0.74	0.75	0.01	0.00928	0.3207		CI
1998	0.75	0.76	0.01	0.00951	0.33021		CI
1998	0.76	0.77	0.01	0.00974	0.33996		CI
1998	0.77	0.78	0.01	0.01001	0.34997		CI
1998	0.78	0.79	0.01	0.01034	0.3603		CI
1998	0.79	0.8	0.01	0.01073	0.37104		CI
1998	0.8	0.81	0.01	0.01114	0.38217		CI
1998	0.81	0.82	0.01	0.01153	0.3937		CI
1998	0.82	0.83	0.01	0.01198	0.40568		CI
1998	0.83	0.84	0.01	0.01255	0.41823		CI
1998	0.84	0.85	0.01	0.01325	0.43148		CI
1998	0.85	0.86	0.01	0.01403	0.44551		CI
1998	0.86	0.87	0.01	0.01487	0.46038		CI
1998	0.87	0.88	0.01	0.01579	0.47618		CI
1998	0.88	0.89	0.01	0.01684	0.49301		CI
1998	0.89	0.9	0.01	0.01779	0.5108		CI
1998	0.9	0.91	0.01	0.0196	0.5304		CI
1998	0.91	0.92	0.01	0.02029	0.55069		CI
1998	0.92	0.93	0.01	0.0223	0.57299		CI
1998	0.93	0.94	0.01	0.02524	0.59822		CI
1998	0.94	0.95	0.01	0.02806	0.62628		CI
1998	0.95	0.96	0.01	0.03259	0.65888		CI
1998	0.96	0.97	0.01	0.04017	0.69905		CI
1998	0.97	0.98	0.01	0.05279	0.75184		CI
1998	0.98	0.99	0.01	0.07235	0.82419		CI
1998	0.99	0.991	0.001	0.00877	0.83296		CI
1998	0.991	0.992	0.001	0.00953	0.8425		CI
1998	0.992	0.993	0.001	0.01074	0.85324		CI
1998	0.993	0.994	0.001	0.01277	0.86601		CI
1998	0.994	0.995	0.001	0.01413	0.88013		CI
1998	0.995	0.996	0.001	0.0148	0.89494		CI
1998	0.996	0.997	0.001	0.01598	0.91091		CI
1998	0.997	0.998	0.001	0.01813	0.92904		CI
1998	0.998	0.999	0.001	0.02637	0.95541		CI
1998	0.999	0.9991	0.0001	0.00359	0.959		CI
1998	0.9991	0.9992	0.0001	0.00376	0.96276		CI
1998	0.9992	0.9993	0.0001	0.00393	0.96669		CI
1998	0.9993	0.9994	0.0001	0.00412	0.97081		CI
1998	0.9994	0.9995	0.0001	0.00431	0.97512		CI
1998	0.9995	0.9996	0.0001	0.00451	0.97963		CI
1998	0.9996	0.9997	0.0001	0.00472	0.98434		CI
1998	0.9997	0.9998	0.0001	0.00495	0.98929		CI
1998	0.9998	0.9999	0.0001	0.0052	0.99449		CI
1998	0.9999	0.99991	0.00001	0.00054	0.99502		CI
1998	0.99991	0.99992	0.00001	0.00054	0.99556		CI
1998	0.99992	0.99993	0.00001	0.00054	0.9961		CI
1998	0.99993	0.99994	0.00001	0.00054	0.99665		CI
1998	0.99994	0.99995	0.00001	0.00055	0.9972		CI
1998	0.99995	0.99996	0.00001	0.00055	0.99775		CI
1998	0.99996	0.99997	0.00001	0.00056	0.99831		CI
1998	0.99997	0.99998	0.00001	0.00056	0.99887		CI
1998	0.99998	0.99999	0.00001	0.00056	0.99943		CI
1998	0.99999	1	0.00001	0.00057	1		CI
1993	0	0.01	0.01	0.00035	0.00035		CI
1993	0.01	0.02	0.01	0.00069	0.00104		CI
1993	0.02	0.03	0.01	0.00092	0.00196		CI
1993	0.03	0.04	0.01	0.00111	0.00308		CI
1993	0.04	0.05	0.01	0.00128	0.00436		CI
1993	0.05	0.06	0.01	0.00144	0.00579		CI
1993	0.06	0.07	0.01	0.00158	0.00737		CI
1993	0.07	0.08	0.01	0.0017	0.00907		CI
1993	0.08	0.09	0.01	0.00182	0.01089		CI
1993	0.09	0.1	0.01	0.00193	0.01281		CI
1993	0.1	0.11	0.01	0.00203	0.01485		CI
1993	0.11	0.12	0.01	0.00215	0.01699		CI
1993	0.12	0.13	0.01	0.00228	0.01927		CI
1993	0.13	0.14	0.01	0.0024	0.02167		CI
1993	0.14	0.15	0.01	0.00249	0.02416		CI
1993	0.15	0.16	0.01	0.00254	0.0267		CI
1993	0.16	0.17	0.01	0.00261	0.02932		CI
1993	0.17	0.18	0.01	0.00272	0.03204		CI
1993	0.18	0.19	0.01	0.00284	0.03488		CI
1993	0.19	0.2	0.01	0.00294	0.03782		CI
1993	0.2	0.21	0.01	0.00303	0.04084		CI
1993	0.21	0.22	0.01	0.00312	0.04396		CI
1993	0.22	0.23	0.01	0.00322	0.04718		CI
1993	0.23	0.24	0.01	0.00331	0.05049		CI
1993	0.24	0.25	0.01	0.00339	0.05389		CI
1993	0.25	0.26	0.01	0.00346	0.05735		CI
1993	0.26	0.27	0.01	0.00353	0.06088		CI
1993	0.27	0.28	0.01	0.00361	0.06449		CI
1993	0.28	0.29	0.01	0.00368	0.06817		CI
1993	0.29	0.3	0.01	0.00375	0.07193		CI
1993	0.3	0.31	0.01	0.00383	0.07575		CI
1993	0.31	0.32	0.01	0.00391	0.07967		CI
1993	0.32	0.33	0.01	0.00401	0.08368		CI
1993	0.33	0.34	0.01	0.00411	0.08779		CI
1993	0.34	0.35	0.01	0.00419	0.09198		CI
1993	0.35	0.36	0.01	0.00426	0.09624		CI
1993	0.36	0.37	0.01	0.00434	0.10059		CI
1993	0.37	0.38	0.01	0.00444	0.10503		CI
1993	0.38	0.39	0.01	0.00455	0.10958		CI
1993	0.39	0.4	0.01	0.00466	0.11425		CI
1993	0.4	0.41	0.01	0.00476	0.11901		CI
1993	0.41	0.42	0.01	0.00484	0.12385		CI
1993	0.42	0.43	0.01	0.0049	0.12875		CI
1993	0.43	0.44	0.01	0.00496	0.13371		CI
1993	0.44	0.45	0.01	0.00504	0.13874		CI
1993	0.45	0.46	0.01	0.00512	0.14386		CI
1993	0.46	0.47	0.01	0.00518	0.14904		CI
1993	0.47	0.48	0.01	0.00521	0.15426		CI
1993	0.48	0.49	0.01	0.0053	0.15955		CI
1993	0.49	0.5	0.01	0.00545	0.165		CI
1993	0.5	0.51	0.01	0.00559	0.17058		CI
1993	0.51	0.52	0.01	0.00569	0.17627		CI
1993	0.52	0.53	0.01	0.0058	0.18208		CI
1993	0.53	0.54	0.01	0.00596	0.18804		CI
1993	0.54	0.55	0.01	0.00614	0.19418		CI
1993	0.55	0.56	0.01	0.00631	0.20049		CI
1993	0.56	0.57	0.01	0.00648	0.20697		CI
1993	0.57	0.58	0.01	0.00663	0.21359		CI
1993	0.58	0.59	0.01	0.00675	0.22034		CI
1993	0.59	0.6	0.01	0.00686	0.22719		CI
1993	0.6	0.61	0.01	0.00701	0.2342		CI
1993	0.61	0.62	0.01	0.00719	0.24139		CI
1993	0.62	0.63	0.01	0.00731	0.2487		CI
1993	0.63	0.64	0.01	0.00737	0.25607		CI
1993	0.64	0.65	0.01	0.00748	0.26355		CI
1993	0.65	0.66	0.01	0.00769	0.27124		CI
1993	0.66	0.67	0.01	0.0079	0.27914		CI
1993	0.67	0.68	0.01	0.00808	0.28722		CI
1993	0.68	0.69	0.01	0.00828	0.2955		CI
1993	0.69	0.7	0.01	0.00855	0.30405		CI
1993	0.7	0.71	0.01	0.00882	0.31288		CI
1993	0.71	0.72	0.01	0.00907	0.32195		CI
1993	0.72	0.73	0.01	0.00932	0.33127		CI
1993	0.73	0.74	0.01	0.00959	0.34086		CI
1993	0.74	0.75	0.01	0.00989	0.35075		CI
1993	0.75	0.76	0.01	0.01018	0.36093		CI
1993	0.76	0.77	0.01	0.01038	0.37131		CI
1993	0.77	0.78	0.01	0.0105	0.38181		CI
1993	0.78	0.79	0.01	0.01066	0.39247		CI
1993	0.79	0.8	0.01	0.01097	0.40345		CI
1993	0.8	0.81	0.01	0.01145	0.4149		CI
1993	0.81	0.82	0.01	0.01205	0.42695		CI
1993	0.82	0.83	0.01	0.01269	0.43965		CI
1993	0.83	0.84	0.01	0.01333	0.45298		CI
1993	0.84	0.85	0.01	0.01397	0.46695		CI
1993	0.85	0.86	0.01	0.01462	0.48157		CI
1993	0.86	0.87	0.01	0.01527	0.49684		CI
1993	0.87	0.88	0.01	0.01605	0.51289		CI
1993	0.88	0.89	0.01	0.01725	0.53014		CI
1993	0.89	0.9	0.01	0.01848	0.54862		CI
1993	0.9	0.91	0.01	0.02062	0.56924		CI
1993	0.91	0.92	0.01	0.02147	0.59072		CI
1993	0.92	0.93	0.01	0.02283	0.61355		CI
1993	0.93	0.94	0.01	0.02461	0.63816		CI
1993	0.94	0.95	0.01	0.02865	0.6668		CI
1993	0.95	0.96	0.01	0.0332	0.70001		CI
1993	0.96	0.97	0.01	0.03848	0.73849		CI
1993	0.97	0.98	0.01	0.04874	0.78723		CI
1993	0.98	0.99	0.01	0.06289	0.85012		CI
1993	0.99	0.991	0.001	0.00757	0.8577		CI
1993	0.991	0.992	0.001	0.00777	0.86547		CI
1993	0.992	0.993	0.001	0.00845	0.87392		CI
1993	0.993	0.994	0.001	0.01009	0.884		CI
1993	0.994	0.995	0.001	0.01108	0.89508		CI
1993	0.995	0.996	0.001	0.01216	0.90724		CI
1993	0.996	0.997	0.001	0.01445	0.92169		CI
1993	0.997	0.998	0.001	0.01798	0.93967		CI
1993	0.998	0.999	0.001	0.02468	0.96435		CI
1993	0.999	0.9991	0.0001	0.00307	0.96742		CI
1993	0.9991	0.9992	0.0001	0.00319	0.97061		CI
1993	0.9992	0.9993	0.0001	0.00331	0.97392		CI
1993	0.9993	0.9994	0.0001	0.00342	0.97734		CI
1993	0.9994	0.9995	0.0001	0.00353	0.98087		CI
1993	0.9995	0.9996	0.0001	0.00364	0.9845		CI
1993	0.9996	0.9997	0.0001	0.00374	0.98824		CI
1993	0.9997	0.9998	0.0001	0.00384	0.99208		CI
1993	0.9998	0.9999	0.0001	0.00392	0.996		CI
1993	0.9999	0.99991	0.00001	0.0004	0.9964		CI
1993	0.99991	0.99992	0.00001	0.0004	0.99679		CI
1993	0.99992	0.99993	0.00001	0.0004	0.99719		CI
1993	0.99993	0.99994	0.00001	0.0004	0.99759		CI
1993	0.99994	0.99995	0.00001	0.0004	0.99799		CI
1993	0.99995	0.99996	0.00001	0.0004	0.99839		CI
1993	0.99996	0.99997	0.00001	0.0004	0.99879		CI
1993	0.99997	0.99998	0.00001	0.0004	0.9992		CI
1993	0.99998	0.99999	0.00001	0.0004	0.9996		CI
1993	0.99999	1	0.00001	0.0004	1		CI
1988	0	0.01	0.01	0.00025	0.00025		CI
1988	0.01	0.02	0.01	0.00052	0.00077		CI
1988	0.02	0.03	0.01	0.00071	0.00147		CI
1988	0.03	0.04	0.01	0.00087	0.00235		CI
1988	0.04	0.05	0.01	0.00099	0.00334		CI
1988	0.05	0.06	0.01	0.00108	0.00442		CI
1988	0.06	0.07	0.01	0.00118	0.00561		CI
1988	0.07	0.08	0.01	0.00129	0.0069		CI
1988	0.08	0.09	0.01	0.0014	0.0083		CI
1988	0.09	0.1	0.01	0.00149	0.00978		CI
1988	0.1	0.11	0.01	0.00156	0.01134		CI
1988	0.11	0.12	0.01	0.00163	0.01297		CI
1988	0.12	0.13	0.01	0.0017	0.01467		CI
1988	0.13	0.14	0.01	0.00178	0.01645		CI
1988	0.14	0.15	0.01	0.00186	0.0183		CI
1988	0.15	0.16	0.01	0.00192	0.02023		CI
1988	0.16	0.17	0.01	0.00198	0.0222		CI
1988	0.17	0.18	0.01	0.00203	0.02424		CI
1988	0.18	0.19	0.01	0.00211	0.02634		CI
1988	0.19	0.2	0.01	0.00219	0.02854		CI
1988	0.2	0.21	0.01	0.00226	0.03079		CI
1988	0.21	0.22	0.01	0.0023	0.03309		CI
1988	0.22	0.23	0.01	0.00235	0.03544		CI
1988	0.23	0.24	0.01	0.00241	0.03785		CI
1988	0.24	0.25	0.01	0.00249	0.04034		CI
1988	0.25	0.26	0.01	0.00256	0.0429		CI
1988	0.26	0.27	0.01	0.00264	0.04554		CI
1988	0.27	0.28	0.01	0.00272	0.04826		CI
1988	0.28	0.29	0.01	0.00279	0.05105		CI
1988	0.29	0.3	0.01	0.00285	0.0539		CI
1988	0.3	0.31	0.01	0.00291	0.05681		CI
1988	0.31	0.32	0.01	0.00299	0.0598		CI
1988	0.32	0.33	0.01	0.00306	0.06286		CI
1988	0.33	0.34	0.01	0.00312	0.06598		CI
1988	0.34	0.35	0.01	0.00319	0.06917		CI
1988	0.35	0.36	0.01	0.00327	0.07244		CI
1988	0.36	0.37	0.01	0.00334	0.07578		CI
1988	0.37	0.38	0.01	0.0034	0.07918		CI
1988	0.38	0.39	0.01	0.00347	0.08265		CI
1988	0.39	0.4	0.01	0.00355	0.0862		CI
1988	0.4	0.41	0.01	0.00364	0.08984		CI
1988	0.41	0.42	0.01	0.00371	0.09355		CI
1988	0.42	0.43	0.01	0.00379	0.09734		CI
1988	0.43	0.44	0.01	0.00387	0.10122		CI
1988	0.44	0.45	0.01	0.00396	0.10517		CI
1988	0.45	0.46	0.01	0.00403	0.1092		CI
1988	0.46	0.47	0.01	0.0041	0.1133		CI
1988	0.47	0.48	0.01	0.00416	0.11747		CI
1988	0.48	0.49	0.01	0.00425	0.12171		CI
1988	0.49	0.5	0.01	0.00435	0.12607		CI
1988	0.5	0.51	0.01	0.00447	0.13054		CI
1988	0.51	0.52	0.01	0.0046	0.13513		CI
1988	0.52	0.53	0.01	0.00473	0.13986		CI
1988	0.53	0.54	0.01	0.00487	0.14473		CI
1988	0.54	0.55	0.01	0.005	0.14973		CI
1988	0.55	0.56	0.01	0.00512	0.15485		CI
1988	0.56	0.57	0.01	0.00522	0.16007		CI
1988	0.57	0.58	0.01	0.00534	0.16541		CI
1988	0.58	0.59	0.01	0.00549	0.1709		CI
1988	0.59	0.6	0.01	0.00567	0.17656		CI
1988	0.6	0.61	0.01	0.00581	0.18237		CI
1988	0.61	0.62	0.01	0.00594	0.18831		CI
1988	0.62	0.63	0.01	0.00614	0.19445		CI
1988	0.63	0.64	0.01	0.00641	0.20085		CI
1988	0.64	0.65	0.01	0.0066	0.20746		CI
1988	0.65	0.66	0.01	0.00669	0.21414		CI
1988	0.66	0.67	0.01	0.00679	0.22094		CI
1988	0.67	0.68	0.01	0.00698	0.22792		CI
1988	0.68	0.69	0.01	0.00718	0.2351		CI
1988	0.69	0.7	0.01	0.00731	0.24241		CI
1988	0.7	0.71	0.01	0.00747	0.24988		CI
1988	0.71	0.72	0.01	0.00767	0.25755		CI
1988	0.72	0.73	0.01	0.00789	0.26544		CI
1988	0.73	0.74	0.01	0.00809	0.27354		CI
1988	0.74	0.75	0.01	0.00831	0.28185		CI
1988	0.75	0.76	0.01	0.00857	0.29041		CI
1988	0.76	0.77	0.01	0.00884	0.29925		CI
1988	0.77	0.78	0.01	0.00909	0.30835		CI
1988	0.78	0.79	0.01	0.00936	0.3177		CI
1988	0.79	0.8	0.01	0.00967	0.32737		CI
1988	0.8	0.81	0.01	0.01008	0.33746		CI
1988	0.81	0.82	0.01	0.0106	0.34805		CI
1988	0.82	0.83	0.01	0.01116	0.35921		CI
1988	0.83	0.84	0.01	0.01175	0.37096		CI
1988	0.84	0.85	0.01	0.01243	0.38339		CI
1988	0.85	0.86	0.01	0.01327	0.39665		CI
1988	0.86	0.87	0.01	0.01419	0.41084		CI
1988	0.87	0.88	0.01	0.01518	0.42602		CI
1988	0.88	0.89	0.01	0.01629	0.44232		CI
1988	0.89	0.9	0.01	0.0174	0.45972		CI
1988	0.9	0.91	0.01	0.01891	0.47863		CI
1988	0.91	0.92	0.01	0.0207	0.49934		CI
1988	0.92	0.93	0.01	0.02263	0.52197		CI
1988	0.93	0.94	0.01	0.02551	0.54748		CI
1988	0.94	0.95	0.01	0.02848	0.57596		CI
1988	0.95	0.96	0.01	0.0341	0.61006		CI
1988	0.96	0.97	0.01	0.04143	0.65149		CI
1988	0.97	0.98	0.01	0.05296	0.70445		CI
1988	0.98	0.99	0.01	0.08772	0.79216		CI
1988	0.99	1	0.01	0.20784	1		CI
