year	low	high	width	share	cumul	# sptinc992j	country
2015	0	0.01	0.01	0.00101	0.00101		EG
2015	0.01	0.02	0.01	0.00169	0.0027		EG
2015	0.02	0.03	0.01	0.00195	0.00464		EG
2015	0.03	0.04	0.01	0.00206	0.00671		EG
2015	0.04	0.05	0.01	0.00214	0.00885		EG
2015	0.05	0.06	0.01	0.00227	0.01112		EG
2015	0.06	0.07	0.01	0.0024	0.01352		EG
2015	0.07	0.08	0.01	0.00249	0.01601		EG
2015	0.08	0.09	0.01	0.00257	0.01859		EG
2015	0.09	0.1	0.01	0.00266	0.02124		EG
2015	0.1	0.11	0.01	0.00274	0.02398		EG
2015	0.11	0.12	0.01	0.00281	0.02679		EG
2015	0.12	0.13	0.01	0.00288	0.02968		EG
2015	0.13	0.14	0.01	0.00295	0.03263		EG
2015	0.14	0.15	0.01	0.00302	0.03566		EG
2015	0.15	0.16	0.01	0.00309	0.03875		EG
2015	0.16	0.17	0.01	0.00316	0.04191		EG
2015	0.17	0.18	0.01	0.00322	0.04513		EG
2015	0.18	0.19	0.01	0.00329	0.04842		EG
2015	0.19	0.2	0.01	0.00335	0.05177		EG
2015	0.2	0.21	0.01	0.00341	0.05518		EG
2015	0.21	0.22	0.01	0.00348	0.05866		EG
2015	0.22	0.23	0.01	0.00354	0.06219		EG
2015	0.23	0.24	0.01	0.0036	0.06579		EG
2015	0.24	0.25	0.01	0.00366	0.06945		EG
2015	0.25	0.26	0.01	0.00372	0.07317		EG
2015	0.26	0.27	0.01	0.00379	0.07697		EG
2015	0.27	0.28	0.01	0.00386	0.08082		EG
2015	0.28	0.29	0.01	0.00392	0.08474		EG
2015	0.29	0.3	0.01	0.00398	0.08872		EG
2015	0.3	0.31	0.01	0.00404	0.09277		EG
2015	0.31	0.32	0.01	0.00411	0.09688		EG
2015	0.32	0.33	0.01	0.00417	0.10105		EG
2015	0.33	0.34	0.01	0.00424	0.10529		EG
2015	0.34	0.35	0.01	0.0043	0.10959		EG
2015	0.35	0.36	0.01	0.00437	0.11395		EG
2015	0.36	0.37	0.01	0.00443	0.11839		EG
2015	0.37	0.38	0.01	0.0045	0.12289		EG
2015	0.38	0.39	0.01	0.00457	0.12745		EG
2015	0.39	0.4	0.01	0.00463	0.13209		EG
2015	0.4	0.41	0.01	0.0047	0.13679		EG
2015	0.41	0.42	0.01	0.00477	0.14155		EG
2015	0.42	0.43	0.01	0.00484	0.14639		EG
2015	0.43	0.44	0.01	0.00491	0.15129		EG
2015	0.44	0.45	0.01	0.00498	0.15627		EG
2015	0.45	0.46	0.01	0.00505	0.16133		EG
2015	0.46	0.47	0.01	0.00513	0.16645		EG
2015	0.47	0.48	0.01	0.0052	0.17165		EG
2015	0.48	0.49	0.01	0.00528	0.17693		EG
2015	0.49	0.5	0.01	0.00535	0.18229		EG
2015	0.5	0.51	0.01	0.00543	0.18772		EG
2015	0.51	0.52	0.01	0.00551	0.19323		EG
2015	0.52	0.53	0.01	0.0056	0.19883		EG
2015	0.53	0.54	0.01	0.00568	0.20451		EG
2015	0.54	0.55	0.01	0.00577	0.21027		EG
2015	0.55	0.56	0.01	0.00585	0.21613		EG
2015	0.56	0.57	0.01	0.00594	0.22207		EG
2015	0.57	0.58	0.01	0.00603	0.22811		EG
2015	0.58	0.59	0.01	0.00613	0.23424		EG
2015	0.59	0.6	0.01	0.00623	0.24046		EG
2015	0.6	0.61	0.01	0.00633	0.24679		EG
2015	0.61	0.62	0.01	0.00643	0.25322		EG
2015	0.62	0.63	0.01	0.00653	0.25975		EG
2015	0.63	0.64	0.01	0.00664	0.26639		EG
2015	0.64	0.65	0.01	0.00675	0.27314		EG
2015	0.65	0.66	0.01	0.00686	0.28001		EG
2015	0.66	0.67	0.01	0.00698	0.28698		EG
2015	0.67	0.68	0.01	0.00709	0.29408		EG
2015	0.68	0.69	0.01	0.00721	0.30129		EG
2015	0.69	0.7	0.01	0.00734	0.30863		EG
2015	0.7	0.71	0.01	0.00747	0.3161		EG
2015	0.71	0.72	0.01	0.0076	0.3237		EG
2015	0.72	0.73	0.01	0.00774	0.33145		EG
2015	0.73	0.74	0.01	0.00789	0.33934		EG
2015	0.74	0.75	0.01	0.00805	0.34739		EG
2015	0.75	0.76	0.01	0.00822	0.35562		EG
2015	0.76	0.77	0.01	0.00841	0.36403		EG
2015	0.77	0.78	0.01	0.00861	0.37264		EG
2015	0.78	0.79	0.01	0.00884	0.38148		EG
2015	0.79	0.8	0.01	0.00911	0.39059		EG
2015	0.8	0.81	0.01	0.00942	0.40001		EG
2015	0.81	0.82	0.01	0.00979	0.4098		EG
2015	0.82	0.83	0.01	0.01025	0.42005		EG
2015	0.83	0.84	0.01	0.01081	0.43087		EG
2015	0.84	0.85	0.01	0.01147	0.44234		EG
2015	0.85	0.86	0.01	0.01226	0.4546		EG
2015	0.86	0.87	0.01	0.0132	0.4678		EG
2015	0.87	0.88	0.01	0.01431	0.48211		EG
2015	0.88	0.89	0.01	0.01559	0.4977		EG
2015	0.89	0.9	0.01	0.01705	0.51476		EG
2015	0.9	0.91	0.01	0.01871	0.53346		EG
2015	0.91	0.92	0.01	0.02057	0.55403		EG
2015	0.92	0.93	0.01	0.02268	0.57671		EG
2015	0.93	0.94	0.01	0.02521	0.60193		EG
2015	0.94	0.95	0.01	0.02855	0.63047		EG
2015	0.95	0.96	0.01	0.03277	0.66324		EG
2015	0.96	0.97	0.01	0.03805	0.70129		EG
2015	0.97	0.98	0.01	0.04607	0.74736		EG
2015	0.98	0.99	0.01	0.06133	0.80869		EG
2015	0.99	0.991	0.001	0.00785	0.81655		EG
2015	0.991	0.992	0.001	0.00836	0.82491		EG
2015	0.992	0.993	0.001	0.00899	0.8339		EG
2015	0.993	0.994	0.001	0.00974	0.84363		EG
2015	0.994	0.995	0.001	0.0107	0.85433		EG
2015	0.995	0.996	0.001	0.01199	0.86632		EG
2015	0.996	0.997	0.001	0.01385	0.88017		EG
2015	0.997	0.998	0.001	0.01686	0.89703		EG
2015	0.998	0.999	0.001	0.02302	0.92005		EG
2015	0.999	0.9991	0.0001	0.00297	0.92302		EG
2015	0.9991	0.9992	0.0001	0.00318	0.9262		EG
2015	0.9992	0.9993	0.0001	0.00344	0.92964		EG
2015	0.9993	0.9994	0.0001	0.00375	0.93338		EG
2015	0.9994	0.9995	0.0001	0.00416	0.93754		EG
2015	0.9995	0.9996	0.0001	0.00471	0.94225		EG
2015	0.9996	0.9997	0.0001	0.00553	0.94778		EG
2015	0.9997	0.9998	0.0001	0.00687	0.95465		EG
2015	0.9998	0.9999	0.0001	0.00969	0.96435		EG
2015	0.9999	0.99991	0.00001	0.00128	0.96562		EG
2015	0.99991	0.99992	0.00001	0.00138	0.967		EG
2015	0.99992	0.99993	0.00001	0.00149	0.9685		EG
2015	0.99993	0.99994	0.00001	0.00164	0.97014		EG
2015	0.99994	0.99995	0.00001	0.00184	0.97198		EG
2015	0.99995	0.99996	0.00001	0.0021	0.97407		EG
2015	0.99996	0.99997	0.00001	0.00248	0.97655		EG
2015	0.99997	0.99998	0.00001	0.0031	0.97965		EG
2015	0.99998	0.99999	0.00001	0.00437	0.98402		EG
2015	0.99999	1	0.00001	0.01598	1		EG
2012	0	0.01	0.01	0.00104	0.00104		EG
2012	0.01	0.02	0.01	0.0018	0.00283		EG
2012	0.02	0.03	0.01	0.00211	0.00494		EG
2012	0.03	0.04	0.01	0.00223	0.00717		EG
2012	0.04	0.05	0.01	0.00231	0.00948		EG
2012	0.05	0.06	0.01	0.00241	0.0119		EG
2012	0.06	0.07	0.01	0.00252	0.01442		EG
2012	0.07	0.08	0.01	0.0026	0.01702		EG
2012	0.08	0.09	0.01	0.00268	0.01971		EG
2012	0.09	0.1	0.01	0.00277	0.02247		EG
2012	0.1	0.11	0.01	0.00285	0.02532		EG
2012	0.11	0.12	0.01	0.00293	0.02825		EG
2012	0.12	0.13	0.01	0.003	0.03125		EG
2012	0.13	0.14	0.01	0.00308	0.03433		EG
2012	0.14	0.15	0.01	0.00316	0.03749		EG
2012	0.15	0.16	0.01	0.00323	0.04072		EG
2012	0.16	0.17	0.01	0.00329	0.04401		EG
2012	0.17	0.18	0.01	0.00336	0.04737		EG
2012	0.18	0.19	0.01	0.00343	0.0508		EG
2012	0.19	0.2	0.01	0.00349	0.05429		EG
2012	0.2	0.21	0.01	0.00356	0.05785		EG
2012	0.21	0.22	0.01	0.00362	0.06147		EG
2012	0.22	0.23	0.01	0.00369	0.06516		EG
2012	0.23	0.24	0.01	0.00375	0.06891		EG
2012	0.24	0.25	0.01	0.00382	0.07273		EG
2012	0.25	0.26	0.01	0.00388	0.07661		EG
2012	0.26	0.27	0.01	0.00395	0.08056		EG
2012	0.27	0.28	0.01	0.00402	0.08458		EG
2012	0.28	0.29	0.01	0.00408	0.08867		EG
2012	0.29	0.3	0.01	0.00415	0.09281		EG
2012	0.3	0.31	0.01	0.00421	0.09703		EG
2012	0.31	0.32	0.01	0.00428	0.10131		EG
2012	0.32	0.33	0.01	0.00434	0.10565		EG
2012	0.33	0.34	0.01	0.00441	0.11006		EG
2012	0.34	0.35	0.01	0.00448	0.11453		EG
2012	0.35	0.36	0.01	0.00454	0.11908		EG
2012	0.36	0.37	0.01	0.00461	0.12369		EG
2012	0.37	0.38	0.01	0.00469	0.12838		EG
2012	0.38	0.39	0.01	0.00476	0.13314		EG
2012	0.39	0.4	0.01	0.00484	0.13798		EG
2012	0.4	0.41	0.01	0.00491	0.14289		EG
2012	0.41	0.42	0.01	0.00499	0.14788		EG
2012	0.42	0.43	0.01	0.00506	0.15294		EG
2012	0.43	0.44	0.01	0.00514	0.15808		EG
2012	0.44	0.45	0.01	0.00522	0.1633		EG
2012	0.45	0.46	0.01	0.0053	0.1686		EG
2012	0.46	0.47	0.01	0.00538	0.17397		EG
2012	0.47	0.48	0.01	0.00546	0.17944		EG
2012	0.48	0.49	0.01	0.00554	0.18498		EG
2012	0.49	0.5	0.01	0.00562	0.1906		EG
2012	0.5	0.51	0.01	0.00571	0.19631		EG
2012	0.51	0.52	0.01	0.00579	0.2021		EG
2012	0.52	0.53	0.01	0.00588	0.20798		EG
2012	0.53	0.54	0.01	0.00596	0.21394		EG
2012	0.54	0.55	0.01	0.00605	0.21999		EG
2012	0.55	0.56	0.01	0.00614	0.22614		EG
2012	0.56	0.57	0.01	0.00623	0.23237		EG
2012	0.57	0.58	0.01	0.00633	0.2387		EG
2012	0.58	0.59	0.01	0.00643	0.24513		EG
2012	0.59	0.6	0.01	0.00653	0.25165		EG
2012	0.6	0.61	0.01	0.00663	0.25828		EG
2012	0.61	0.62	0.01	0.00673	0.26501		EG
2012	0.62	0.63	0.01	0.00684	0.27186		EG
2012	0.63	0.64	0.01	0.00696	0.27881		EG
2012	0.64	0.65	0.01	0.00707	0.28588		EG
2012	0.65	0.66	0.01	0.00719	0.29307		EG
2012	0.66	0.67	0.01	0.00731	0.30038		EG
2012	0.67	0.68	0.01	0.00744	0.30782		EG
2012	0.68	0.69	0.01	0.00757	0.31539		EG
2012	0.69	0.7	0.01	0.0077	0.32309		EG
2012	0.7	0.71	0.01	0.00784	0.33092		EG
2012	0.71	0.72	0.01	0.00798	0.33891		EG
2012	0.72	0.73	0.01	0.00813	0.34703		EG
2012	0.73	0.74	0.01	0.00828	0.35532		EG
2012	0.74	0.75	0.01	0.00845	0.36377		EG
2012	0.75	0.76	0.01	0.00862	0.37239		EG
2012	0.76	0.77	0.01	0.00882	0.38121		EG
2012	0.77	0.78	0.01	0.00903	0.39023		EG
2012	0.78	0.79	0.01	0.00926	0.39949		EG
2012	0.79	0.8	0.01	0.00953	0.40902		EG
2012	0.8	0.81	0.01	0.00985	0.41887		EG
2012	0.81	0.82	0.01	0.01024	0.42911		EG
2012	0.82	0.83	0.01	0.01071	0.43982		EG
2012	0.83	0.84	0.01	0.01129	0.45111		EG
2012	0.84	0.85	0.01	0.01199	0.46311		EG
2012	0.85	0.86	0.01	0.01283	0.47593		EG
2012	0.86	0.87	0.01	0.01379	0.48972		EG
2012	0.87	0.88	0.01	0.01491	0.50463		EG
2012	0.88	0.89	0.01	0.01627	0.52091		EG
2012	0.89	0.9	0.01	0.01786	0.53877		EG
2012	0.9	0.91	0.01	0.01959	0.55837		EG
2012	0.91	0.92	0.01	0.02146	0.57983		EG
2012	0.92	0.93	0.01	0.0236	0.60343		EG
2012	0.93	0.94	0.01	0.02611	0.62954		EG
2012	0.94	0.95	0.01	0.02906	0.65859		EG
2012	0.95	0.96	0.01	0.03287	0.69147		EG
2012	0.96	0.97	0.01	0.03832	0.72978		EG
2012	0.97	0.98	0.01	0.04641	0.77619		EG
2012	0.98	0.99	0.01	0.05959	0.83579		EG
2012	0.99	0.991	0.001	0.00721	0.843		EG
2012	0.991	0.992	0.001	0.00758	0.85058		EG
2012	0.992	0.993	0.001	0.00804	0.85861		EG
2012	0.993	0.994	0.001	0.00859	0.8672		EG
2012	0.994	0.995	0.001	0.00931	0.87651		EG
2012	0.995	0.996	0.001	0.01027	0.88678		EG
2012	0.996	0.997	0.001	0.01168	0.89846		EG
2012	0.997	0.998	0.001	0.01396	0.91242		EG
2012	0.998	0.999	0.001	0.01873	0.93115		EG
2012	0.999	0.9991	0.0001	0.0024	0.93355		EG
2012	0.9991	0.9992	0.0001	0.00256	0.93612		EG
2012	0.9992	0.9993	0.0001	0.00277	0.93889		EG
2012	0.9993	0.9994	0.0001	0.00302	0.94191		EG
2012	0.9994	0.9995	0.0001	0.00336	0.94527		EG
2012	0.9995	0.9996	0.0001	0.00381	0.94908		EG
2012	0.9996	0.9997	0.0001	0.00449	0.95356		EG
2012	0.9997	0.9998	0.0001	0.00561	0.95917		EG
2012	0.9998	0.9999	0.0001	0.00803	0.96721		EG
2012	0.9999	0.99991	0.00001	0.00107	0.96828		EG
2012	0.99991	0.99992	0.00001	0.00116	0.96944		EG
2012	0.99992	0.99993	0.00001	0.00127	0.97071		EG
2012	0.99993	0.99994	0.00001	0.0014	0.97211		EG
2012	0.99994	0.99995	0.00001	0.00157	0.97368		EG
2012	0.99995	0.99996	0.00001	0.00181	0.97548		EG
2012	0.99996	0.99997	0.00001	0.00215	0.97764		EG
2012	0.99997	0.99998	0.00001	0.00273	0.98036		EG
2012	0.99998	0.99999	0.00001	0.00391	0.98428		EG
2012	0.99999	1	0.00001	0.01572	1		EG
2010	0	0.01	0.01	0.00111	0.00111		EG
2010	0.01	0.02	0.01	0.00186	0.00297		EG
2010	0.02	0.03	0.01	0.00204	0.005		EG
2010	0.03	0.04	0.01	0.00217	0.00718		EG
2010	0.04	0.05	0.01	0.0023	0.00948		EG
2010	0.05	0.06	0.01	0.00242	0.01189		EG
2010	0.06	0.07	0.01	0.00251	0.0144		EG
2010	0.07	0.08	0.01	0.0026	0.017		EG
2010	0.08	0.09	0.01	0.00268	0.01968		EG
2010	0.09	0.1	0.01	0.00277	0.02245		EG
2010	0.1	0.11	0.01	0.00285	0.0253		EG
2010	0.11	0.12	0.01	0.00293	0.02823		EG
2010	0.12	0.13	0.01	0.003	0.03123		EG
2010	0.13	0.14	0.01	0.00308	0.03431		EG
2010	0.14	0.15	0.01	0.00314	0.03745		EG
2010	0.15	0.16	0.01	0.0032	0.04065		EG
2010	0.16	0.17	0.01	0.00327	0.04392		EG
2010	0.17	0.18	0.01	0.00334	0.04726		EG
2010	0.18	0.19	0.01	0.00341	0.05066		EG
2010	0.19	0.2	0.01	0.00348	0.05414		EG
2010	0.2	0.21	0.01	0.00355	0.05769		EG
2010	0.21	0.22	0.01	0.00361	0.06129		EG
2010	0.22	0.23	0.01	0.00367	0.06497		EG
2010	0.23	0.24	0.01	0.00373	0.0687		EG
2010	0.24	0.25	0.01	0.0038	0.0725		EG
2010	0.25	0.26	0.01	0.00387	0.07637		EG
2010	0.26	0.27	0.01	0.00394	0.08031		EG
2010	0.27	0.28	0.01	0.004	0.08431		EG
2010	0.28	0.29	0.01	0.00406	0.08837		EG
2010	0.29	0.3	0.01	0.00413	0.0925		EG
2010	0.3	0.31	0.01	0.00419	0.09669		EG
2010	0.31	0.32	0.01	0.00426	0.10095		EG
2010	0.32	0.33	0.01	0.00433	0.10528		EG
2010	0.33	0.34	0.01	0.0044	0.10968		EG
2010	0.34	0.35	0.01	0.00446	0.11414		EG
2010	0.35	0.36	0.01	0.00453	0.11867		EG
2010	0.36	0.37	0.01	0.00459	0.12326		EG
2010	0.37	0.38	0.01	0.00466	0.12792		EG
2010	0.38	0.39	0.01	0.00473	0.13266		EG
2010	0.39	0.4	0.01	0.00481	0.13746		EG
2010	0.4	0.41	0.01	0.00488	0.14234		EG
2010	0.41	0.42	0.01	0.00495	0.14729		EG
2010	0.42	0.43	0.01	0.00503	0.15232		EG
2010	0.43	0.44	0.01	0.00511	0.15743		EG
2010	0.44	0.45	0.01	0.00518	0.16261		EG
2010	0.45	0.46	0.01	0.00526	0.16787		EG
2010	0.46	0.47	0.01	0.00534	0.17321		EG
2010	0.47	0.48	0.01	0.00542	0.17863		EG
2010	0.48	0.49	0.01	0.0055	0.18412		EG
2010	0.49	0.5	0.01	0.00558	0.1897		EG
2010	0.5	0.51	0.01	0.00566	0.19537		EG
2010	0.51	0.52	0.01	0.00575	0.20112		EG
2010	0.52	0.53	0.01	0.00583	0.20695		EG
2010	0.53	0.54	0.01	0.00592	0.21287		EG
2010	0.54	0.55	0.01	0.00601	0.21888		EG
2010	0.55	0.56	0.01	0.0061	0.22498		EG
2010	0.56	0.57	0.01	0.0062	0.23118		EG
2010	0.57	0.58	0.01	0.00629	0.23748		EG
2010	0.58	0.59	0.01	0.00639	0.24387		EG
2010	0.59	0.6	0.01	0.00649	0.25036		EG
2010	0.6	0.61	0.01	0.0066	0.25696		EG
2010	0.61	0.62	0.01	0.00671	0.26367		EG
2010	0.62	0.63	0.01	0.00682	0.27049		EG
2010	0.63	0.64	0.01	0.00693	0.27742		EG
2010	0.64	0.65	0.01	0.00704	0.28446		EG
2010	0.65	0.66	0.01	0.00716	0.29162		EG
2010	0.66	0.67	0.01	0.00728	0.2989		EG
2010	0.67	0.68	0.01	0.00741	0.30631		EG
2010	0.68	0.69	0.01	0.00754	0.31385		EG
2010	0.69	0.7	0.01	0.00767	0.32152		EG
2010	0.7	0.71	0.01	0.00781	0.32933		EG
2010	0.71	0.72	0.01	0.00796	0.33729		EG
2010	0.72	0.73	0.01	0.00811	0.34539		EG
2010	0.73	0.74	0.01	0.00826	0.35366		EG
2010	0.74	0.75	0.01	0.00843	0.36209		EG
2010	0.75	0.76	0.01	0.0086	0.37069		EG
2010	0.76	0.77	0.01	0.0088	0.37949		EG
2010	0.77	0.78	0.01	0.009	0.38849		EG
2010	0.78	0.79	0.01	0.00924	0.39773		EG
2010	0.79	0.8	0.01	0.00951	0.40724		EG
2010	0.8	0.81	0.01	0.00983	0.41708		EG
2010	0.81	0.82	0.01	0.01023	0.4273		EG
2010	0.82	0.83	0.01	0.01071	0.43801		EG
2010	0.83	0.84	0.01	0.01129	0.4493		EG
2010	0.84	0.85	0.01	0.012	0.46131		EG
2010	0.85	0.86	0.01	0.01286	0.47417		EG
2010	0.86	0.87	0.01	0.01386	0.48803		EG
2010	0.87	0.88	0.01	0.01499	0.50302		EG
2010	0.88	0.89	0.01	0.01628	0.5193		EG
2010	0.89	0.9	0.01	0.01777	0.53707		EG
2010	0.9	0.91	0.01	0.01951	0.55658		EG
2010	0.91	0.92	0.01	0.02152	0.5781		EG
2010	0.92	0.93	0.01	0.02377	0.60187		EG
2010	0.93	0.94	0.01	0.02648	0.62835		EG
2010	0.94	0.95	0.01	0.02997	0.65832		EG
2010	0.95	0.96	0.01	0.03396	0.69228		EG
2010	0.96	0.97	0.01	0.03845	0.73073		EG
2010	0.97	0.98	0.01	0.04549	0.77622		EG
2010	0.98	0.99	0.01	0.05663	0.83284		EG
2010	0.99	0.991	0.001	0.00738	0.84023		EG
2010	0.991	0.992	0.001	0.0079	0.84813		EG
2010	0.992	0.993	0.001	0.00848	0.85661		EG
2010	0.993	0.994	0.001	0.00915	0.86576		EG
2010	0.994	0.995	0.001	0.01	0.87576		EG
2010	0.995	0.996	0.001	0.01112	0.88687		EG
2010	0.996	0.997	0.001	0.01271	0.89958		EG
2010	0.997	0.998	0.001	0.01525	0.91484		EG
2010	0.998	0.999	0.001	0.02037	0.93521		EG
2010	0.999	0.9991	0.0001	0.00258	0.93779		EG
2010	0.9991	0.9992	0.0001	0.00275	0.94055		EG
2010	0.9992	0.9993	0.0001	0.00296	0.9435		EG
2010	0.9993	0.9994	0.0001	0.00321	0.94672		EG
2010	0.9994	0.9995	0.0001	0.00354	0.95026		EG
2010	0.9995	0.9996	0.0001	0.00398	0.95424		EG
2010	0.9996	0.9997	0.0001	0.00463	0.95887		EG
2010	0.9997	0.9998	0.0001	0.00569	0.96456		EG
2010	0.9998	0.9999	0.0001	0.0079	0.97245		EG
2010	0.9999	0.99991	0.00001	0.00103	0.97348		EG
2010	0.99991	0.99992	0.00001	0.00111	0.97459		EG
2010	0.99992	0.99993	0.00001	0.0012	0.97579		EG
2010	0.99993	0.99994	0.00001	0.00131	0.97711		EG
2010	0.99994	0.99995	0.00001	0.00146	0.97857		EG
2010	0.99995	0.99996	0.00001	0.00166	0.98023		EG
2010	0.99996	0.99997	0.00001	0.00196	0.98219		EG
2010	0.99997	0.99998	0.00001	0.00243	0.98462		EG
2010	0.99998	0.99999	0.00001	0.00339	0.98801		EG
2010	0.99999	1	0.00001	0.01199	1		EG
2008	0	0.01	0.01	0.00107	0.00107		EG
2008	0.01	0.02	0.01	0.00175	0.00282		EG
2008	0.02	0.03	0.01	0.00191	0.00473		EG
2008	0.03	0.04	0.01	0.00204	0.00677		EG
2008	0.04	0.05	0.01	0.00215	0.00892		EG
2008	0.05	0.06	0.01	0.00226	0.01118		EG
2008	0.06	0.07	0.01	0.00237	0.01355		EG
2008	0.07	0.08	0.01	0.00247	0.01602		EG
2008	0.08	0.09	0.01	0.00255	0.01857		EG
2008	0.09	0.1	0.01	0.00263	0.0212		EG
2008	0.1	0.11	0.01	0.00271	0.02391		EG
2008	0.11	0.12	0.01	0.00278	0.02669		EG
2008	0.12	0.13	0.01	0.00284	0.02953		EG
2008	0.13	0.14	0.01	0.0029	0.03243		EG
2008	0.14	0.15	0.01	0.00296	0.03539		EG
2008	0.15	0.16	0.01	0.00302	0.03841		EG
2008	0.16	0.17	0.01	0.00308	0.0415		EG
2008	0.17	0.18	0.01	0.00314	0.04464		EG
2008	0.18	0.19	0.01	0.0032	0.04784		EG
2008	0.19	0.2	0.01	0.00326	0.0511		EG
2008	0.2	0.21	0.01	0.00332	0.05442		EG
2008	0.21	0.22	0.01	0.00338	0.0578		EG
2008	0.22	0.23	0.01	0.00344	0.06124		EG
2008	0.23	0.24	0.01	0.0035	0.06474		EG
2008	0.24	0.25	0.01	0.00356	0.06829		EG
2008	0.25	0.26	0.01	0.00361	0.07191		EG
2008	0.26	0.27	0.01	0.00368	0.07558		EG
2008	0.27	0.28	0.01	0.00374	0.07932		EG
2008	0.28	0.29	0.01	0.0038	0.08312		EG
2008	0.29	0.3	0.01	0.00386	0.08698		EG
2008	0.3	0.31	0.01	0.00392	0.0909		EG
2008	0.31	0.32	0.01	0.00399	0.09489		EG
2008	0.32	0.33	0.01	0.00405	0.09894		EG
2008	0.33	0.34	0.01	0.00411	0.10305		EG
2008	0.34	0.35	0.01	0.00418	0.10723		EG
2008	0.35	0.36	0.01	0.00424	0.11147		EG
2008	0.36	0.37	0.01	0.00431	0.11578		EG
2008	0.37	0.38	0.01	0.00438	0.12016		EG
2008	0.38	0.39	0.01	0.00444	0.1246		EG
2008	0.39	0.4	0.01	0.00451	0.12911		EG
2008	0.4	0.41	0.01	0.00458	0.1337		EG
2008	0.41	0.42	0.01	0.00465	0.13835		EG
2008	0.42	0.43	0.01	0.00473	0.14308		EG
2008	0.43	0.44	0.01	0.0048	0.14788		EG
2008	0.44	0.45	0.01	0.00487	0.15275		EG
2008	0.45	0.46	0.01	0.00495	0.1577		EG
2008	0.46	0.47	0.01	0.00503	0.16273		EG
2008	0.47	0.48	0.01	0.00511	0.16783		EG
2008	0.48	0.49	0.01	0.00519	0.17302		EG
2008	0.49	0.5	0.01	0.00527	0.17829		EG
2008	0.5	0.51	0.01	0.00535	0.18364		EG
2008	0.51	0.52	0.01	0.00544	0.18908		EG
2008	0.52	0.53	0.01	0.00553	0.19461		EG
2008	0.53	0.54	0.01	0.00561	0.20022		EG
2008	0.54	0.55	0.01	0.0057	0.20592		EG
2008	0.55	0.56	0.01	0.0058	0.21172		EG
2008	0.56	0.57	0.01	0.00589	0.21761		EG
2008	0.57	0.58	0.01	0.00599	0.2236		EG
2008	0.58	0.59	0.01	0.00609	0.22968		EG
2008	0.59	0.6	0.01	0.00619	0.23587		EG
2008	0.6	0.61	0.01	0.00629	0.24216		EG
2008	0.61	0.62	0.01	0.00639	0.24855		EG
2008	0.62	0.63	0.01	0.0065	0.25506		EG
2008	0.63	0.64	0.01	0.00661	0.26167		EG
2008	0.64	0.65	0.01	0.00673	0.2684		EG
2008	0.65	0.66	0.01	0.00685	0.27525		EG
2008	0.66	0.67	0.01	0.00697	0.28222		EG
2008	0.67	0.68	0.01	0.0071	0.28932		EG
2008	0.68	0.69	0.01	0.00723	0.29655		EG
2008	0.69	0.7	0.01	0.00737	0.30392		EG
2008	0.7	0.71	0.01	0.00751	0.31142		EG
2008	0.71	0.72	0.01	0.00765	0.31908		EG
2008	0.72	0.73	0.01	0.00781	0.32689		EG
2008	0.73	0.74	0.01	0.00797	0.33486		EG
2008	0.74	0.75	0.01	0.00814	0.343		EG
2008	0.75	0.76	0.01	0.00832	0.35132		EG
2008	0.76	0.77	0.01	0.00852	0.35984		EG
2008	0.77	0.78	0.01	0.00874	0.36858		EG
2008	0.78	0.79	0.01	0.00898	0.37756		EG
2008	0.79	0.8	0.01	0.00926	0.38682		EG
2008	0.8	0.81	0.01	0.00959	0.39641		EG
2008	0.81	0.82	0.01	0.00998	0.40639		EG
2008	0.82	0.83	0.01	0.01046	0.41685		EG
2008	0.83	0.84	0.01	0.01104	0.42789		EG
2008	0.84	0.85	0.01	0.01173	0.43962		EG
2008	0.85	0.86	0.01	0.01256	0.45217		EG
2008	0.86	0.87	0.01	0.01354	0.46571		EG
2008	0.87	0.88	0.01	0.01467	0.48038		EG
2008	0.88	0.89	0.01	0.016	0.49639		EG
2008	0.89	0.9	0.01	0.01751	0.51389		EG
2008	0.9	0.91	0.01	0.01918	0.53308		EG
2008	0.91	0.92	0.01	0.02109	0.55417		EG
2008	0.92	0.93	0.01	0.02336	0.57753		EG
2008	0.93	0.94	0.01	0.02603	0.60356		EG
2008	0.94	0.95	0.01	0.02921	0.63276		EG
2008	0.95	0.96	0.01	0.03321	0.66598		EG
2008	0.96	0.97	0.01	0.03876	0.70474		EG
2008	0.97	0.98	0.01	0.04702	0.75176		EG
2008	0.98	0.99	0.01	0.06244	0.8142		EG
2008	0.99	0.991	0.001	0.00782	0.82203		EG
2008	0.991	0.992	0.001	0.0083	0.83033		EG
2008	0.992	0.993	0.001	0.00888	0.8392		EG
2008	0.993	0.994	0.001	0.00958	0.84878		EG
2008	0.994	0.995	0.001	0.01049	0.85927		EG
2008	0.995	0.996	0.001	0.0117	0.87097		EG
2008	0.996	0.997	0.001	0.01345	0.88442		EG
2008	0.997	0.998	0.001	0.01628	0.90069		EG
2008	0.998	0.999	0.001	0.02209	0.92278		EG
2008	0.999	0.9991	0.0001	0.00284	0.92562		EG
2008	0.9991	0.9992	0.0001	0.00304	0.92866		EG
2008	0.9992	0.9993	0.0001	0.00328	0.93194		EG
2008	0.9993	0.9994	0.0001	0.00358	0.93552		EG
2008	0.9994	0.9995	0.0001	0.00397	0.93949		EG
2008	0.9995	0.9996	0.0001	0.0045	0.94399		EG
2008	0.9996	0.9997	0.0001	0.00528	0.94926		EG
2008	0.9997	0.9998	0.0001	0.00656	0.95583		EG
2008	0.9998	0.9999	0.0001	0.00928	0.96511		EG
2008	0.9999	0.99991	0.00001	0.00123	0.96634		EG
2008	0.99991	0.99992	0.00001	0.00132	0.96766		EG
2008	0.99992	0.99993	0.00001	0.00144	0.9691		EG
2008	0.99993	0.99994	0.00001	0.00158	0.97068		EG
2008	0.99994	0.99995	0.00001	0.00177	0.97245		EG
2008	0.99995	0.99996	0.00001	0.00203	0.97448		EG
2008	0.99996	0.99997	0.00001	0.0024	0.97688		EG
2008	0.99997	0.99998	0.00001	0.00301	0.97988		EG
2008	0.99998	0.99999	0.00001	0.00425	0.98414		EG
2008	0.99999	1	0.00001	0.01586	1		EG
2004	0	0.01	0.01	0.00105	0.00105		EG
2004	0.01	0.02	0.01	0.00172	0.00278		EG
2004	0.02	0.03	0.01	0.00187	0.00464		EG
2004	0.03	0.04	0.01	0.00198	0.00662		EG
2004	0.04	0.05	0.01	0.00208	0.0087		EG
2004	0.05	0.06	0.01	0.00218	0.01088		EG
2004	0.06	0.07	0.01	0.00229	0.01317		EG
2004	0.07	0.08	0.01	0.00237	0.01554		EG
2004	0.08	0.09	0.01	0.00244	0.01798		EG
2004	0.09	0.1	0.01	0.00252	0.0205		EG
2004	0.1	0.11	0.01	0.0026	0.0231		EG
2004	0.11	0.12	0.01	0.00267	0.02577		EG
2004	0.12	0.13	0.01	0.00274	0.02851		EG
2004	0.13	0.14	0.01	0.00281	0.03131		EG
2004	0.14	0.15	0.01	0.00288	0.03419		EG
2004	0.15	0.16	0.01	0.00294	0.03713		EG
2004	0.16	0.17	0.01	0.00301	0.04014		EG
2004	0.17	0.18	0.01	0.00307	0.04321		EG
2004	0.18	0.19	0.01	0.00313	0.04635		EG
2004	0.19	0.2	0.01	0.00319	0.04954		EG
2004	0.2	0.21	0.01	0.00325	0.05279		EG
2004	0.21	0.22	0.01	0.00331	0.05611		EG
2004	0.22	0.23	0.01	0.00337	0.05948		EG
2004	0.23	0.24	0.01	0.00343	0.06291		EG
2004	0.24	0.25	0.01	0.0035	0.06641		EG
2004	0.25	0.26	0.01	0.00356	0.06997		EG
2004	0.26	0.27	0.01	0.00362	0.07358		EG
2004	0.27	0.28	0.01	0.00368	0.07726		EG
2004	0.28	0.29	0.01	0.00374	0.08101		EG
2004	0.29	0.3	0.01	0.00381	0.08481		EG
2004	0.3	0.31	0.01	0.00387	0.08868		EG
2004	0.31	0.32	0.01	0.00393	0.09262		EG
2004	0.32	0.33	0.01	0.004	0.09661		EG
2004	0.33	0.34	0.01	0.00406	0.10068		EG
2004	0.34	0.35	0.01	0.00413	0.1048		EG
2004	0.35	0.36	0.01	0.00419	0.109		EG
2004	0.36	0.37	0.01	0.00426	0.11326		EG
2004	0.37	0.38	0.01	0.00433	0.11759		EG
2004	0.38	0.39	0.01	0.0044	0.12198		EG
2004	0.39	0.4	0.01	0.00447	0.12645		EG
2004	0.4	0.41	0.01	0.00454	0.13099		EG
2004	0.41	0.42	0.01	0.00461	0.1356		EG
2004	0.42	0.43	0.01	0.00468	0.14029		EG
2004	0.43	0.44	0.01	0.00476	0.14504		EG
2004	0.44	0.45	0.01	0.00483	0.14988		EG
2004	0.45	0.46	0.01	0.00491	0.15479		EG
2004	0.46	0.47	0.01	0.00499	0.15977		EG
2004	0.47	0.48	0.01	0.00507	0.16484		EG
2004	0.48	0.49	0.01	0.00515	0.16999		EG
2004	0.49	0.5	0.01	0.00523	0.17521		EG
2004	0.5	0.51	0.01	0.00531	0.18052		EG
2004	0.51	0.52	0.01	0.0054	0.18592		EG
2004	0.52	0.53	0.01	0.00548	0.1914		EG
2004	0.53	0.54	0.01	0.00557	0.19697		EG
2004	0.54	0.55	0.01	0.00566	0.20263		EG
2004	0.55	0.56	0.01	0.00575	0.20838		EG
2004	0.56	0.57	0.01	0.00585	0.21423		EG
2004	0.57	0.58	0.01	0.00594	0.22017		EG
2004	0.58	0.59	0.01	0.00604	0.22621		EG
2004	0.59	0.6	0.01	0.00614	0.23236		EG
2004	0.6	0.61	0.01	0.00625	0.23861		EG
2004	0.61	0.62	0.01	0.00635	0.24496		EG
2004	0.62	0.63	0.01	0.00646	0.25143		EG
2004	0.63	0.64	0.01	0.00658	0.258		EG
2004	0.64	0.65	0.01	0.00669	0.26469		EG
2004	0.65	0.66	0.01	0.00681	0.2715		EG
2004	0.66	0.67	0.01	0.00693	0.27843		EG
2004	0.67	0.68	0.01	0.00706	0.28549		EG
2004	0.68	0.69	0.01	0.00719	0.29268		EG
2004	0.69	0.7	0.01	0.00732	0.3		EG
2004	0.7	0.71	0.01	0.00747	0.30747		EG
2004	0.71	0.72	0.01	0.00761	0.31508		EG
2004	0.72	0.73	0.01	0.00777	0.32285		EG
2004	0.73	0.74	0.01	0.00793	0.33078		EG
2004	0.74	0.75	0.01	0.0081	0.33888		EG
2004	0.75	0.76	0.01	0.00828	0.34716		EG
2004	0.76	0.77	0.01	0.00848	0.35564		EG
2004	0.77	0.78	0.01	0.00869	0.36432		EG
2004	0.78	0.79	0.01	0.00892	0.37325		EG
2004	0.79	0.8	0.01	0.0092	0.38244		EG
2004	0.8	0.81	0.01	0.00952	0.39196		EG
2004	0.81	0.82	0.01	0.00991	0.40187		EG
2004	0.82	0.83	0.01	0.0104	0.41227		EG
2004	0.83	0.84	0.01	0.01098	0.42326		EG
2004	0.84	0.85	0.01	0.01169	0.43495		EG
2004	0.85	0.86	0.01	0.01254	0.44748		EG
2004	0.86	0.87	0.01	0.01354	0.46103		EG
2004	0.87	0.88	0.01	0.01472	0.47574		EG
2004	0.88	0.89	0.01	0.0161	0.49184		EG
2004	0.89	0.9	0.01	0.0177	0.50954		EG
2004	0.9	0.91	0.01	0.01952	0.52906		EG
2004	0.91	0.92	0.01	0.02158	0.55064		EG
2004	0.92	0.93	0.01	0.02392	0.57457		EG
2004	0.93	0.94	0.01	0.02668	0.60125		EG
2004	0.94	0.95	0.01	0.03013	0.63139		EG
2004	0.95	0.96	0.01	0.03452	0.66591		EG
2004	0.96	0.97	0.01	0.04027	0.70618		EG
2004	0.97	0.98	0.01	0.04892	0.7551		EG
2004	0.98	0.99	0.01	0.06496	0.82006		EG
2004	0.99	0.991	0.001	0.00803	0.82809		EG
2004	0.991	0.992	0.001	0.0085	0.8366		EG
2004	0.992	0.993	0.001	0.00907	0.84566		EG
2004	0.993	0.994	0.001	0.00976	0.85543		EG
2004	0.994	0.995	0.001	0.01065	0.86608		EG
2004	0.995	0.996	0.001	0.01184	0.87792		EG
2004	0.996	0.997	0.001	0.01356	0.89147		EG
2004	0.997	0.998	0.001	0.01628	0.90776		EG
2004	0.998	0.999	0.001	0.02183	0.92958		EG
2004	0.999	0.9991	0.0001	0.00278	0.93236		EG
2004	0.9991	0.9992	0.0001	0.00296	0.93533		EG
2004	0.9992	0.9993	0.0001	0.00319	0.93851		EG
2004	0.9993	0.9994	0.0001	0.00346	0.94198		EG
2004	0.9994	0.9995	0.0001	0.00382	0.9458		EG
2004	0.9995	0.9996	0.0001	0.00431	0.95011		EG
2004	0.9996	0.9997	0.0001	0.00502	0.95514		EG
2004	0.9997	0.9998	0.0001	0.00618	0.96132		EG
2004	0.9998	0.9999	0.0001	0.00861	0.96992		EG
2004	0.9999	0.99991	0.00001	0.00113	0.97105		EG
2004	0.99991	0.99992	0.00001	0.00121	0.97226		EG
2004	0.99992	0.99993	0.00001	0.00131	0.97357		EG
2004	0.99993	0.99994	0.00001	0.00143	0.975		EG
2004	0.99994	0.99995	0.00001	0.0016	0.9766		EG
2004	0.99995	0.99996	0.00001	0.00182	0.97842		EG
2004	0.99996	0.99997	0.00001	0.00214	0.98055		EG
2004	0.99997	0.99998	0.00001	0.00266	0.98321		EG
2004	0.99998	0.99999	0.00001	0.00371	0.98692		EG
2004	0.99999	1	0.00001	0.01308	1		EG
1999	0	0.01	0.01	0.00116	0.00116		EG
1999	0.01	0.02	0.01	0.00172	0.00288		EG
1999	0.02	0.03	0.01	0.00186	0.00474		EG
1999	0.03	0.04	0.01	0.00197	0.00671		EG
1999	0.04	0.05	0.01	0.00207	0.00877		EG
1999	0.05	0.06	0.01	0.00216	0.01093		EG
1999	0.06	0.07	0.01	0.00224	0.01318		EG
1999	0.07	0.08	0.01	0.00232	0.01549		EG
1999	0.08	0.09	0.01	0.00239	0.01789		EG
1999	0.09	0.1	0.01	0.00247	0.02035		EG
1999	0.1	0.11	0.01	0.00254	0.02289		EG
1999	0.11	0.12	0.01	0.00261	0.0255		EG
1999	0.12	0.13	0.01	0.00267	0.02817		EG
1999	0.13	0.14	0.01	0.00272	0.03089		EG
1999	0.14	0.15	0.01	0.00278	0.03367		EG
1999	0.15	0.16	0.01	0.00283	0.0365		EG
1999	0.16	0.17	0.01	0.00289	0.03939		EG
1999	0.17	0.18	0.01	0.00295	0.04235		EG
1999	0.18	0.19	0.01	0.00301	0.04536		EG
1999	0.19	0.2	0.01	0.00307	0.04843		EG
1999	0.2	0.21	0.01	0.00313	0.05156		EG
1999	0.21	0.22	0.01	0.00319	0.05474		EG
1999	0.22	0.23	0.01	0.00324	0.05799		EG
1999	0.23	0.24	0.01	0.0033	0.06129		EG
1999	0.24	0.25	0.01	0.00336	0.06465		EG
1999	0.25	0.26	0.01	0.00342	0.06806		EG
1999	0.26	0.27	0.01	0.00347	0.07153		EG
1999	0.27	0.28	0.01	0.00353	0.07506		EG
1999	0.28	0.29	0.01	0.00359	0.07865		EG
1999	0.29	0.3	0.01	0.00365	0.08229		EG
1999	0.3	0.31	0.01	0.0037	0.086		EG
1999	0.31	0.32	0.01	0.00376	0.08976		EG
1999	0.32	0.33	0.01	0.00382	0.09358		EG
1999	0.33	0.34	0.01	0.00388	0.09747		EG
1999	0.34	0.35	0.01	0.00394	0.10141		EG
1999	0.35	0.36	0.01	0.00401	0.10542		EG
1999	0.36	0.37	0.01	0.00407	0.10949		EG
1999	0.37	0.38	0.01	0.00414	0.11362		EG
1999	0.38	0.39	0.01	0.0042	0.11782		EG
1999	0.39	0.4	0.01	0.00427	0.12209		EG
1999	0.4	0.41	0.01	0.00433	0.12643		EG
1999	0.41	0.42	0.01	0.0044	0.13083		EG
1999	0.42	0.43	0.01	0.00447	0.1353		EG
1999	0.43	0.44	0.01	0.00454	0.13985		EG
1999	0.44	0.45	0.01	0.00461	0.14446		EG
1999	0.45	0.46	0.01	0.00469	0.14915		EG
1999	0.46	0.47	0.01	0.00476	0.15391		EG
1999	0.47	0.48	0.01	0.00484	0.15875		EG
1999	0.48	0.49	0.01	0.00491	0.16366		EG
1999	0.49	0.5	0.01	0.00499	0.16865		EG
1999	0.5	0.51	0.01	0.00507	0.17372		EG
1999	0.51	0.52	0.01	0.00515	0.17886		EG
1999	0.52	0.53	0.01	0.00523	0.1841		EG
1999	0.53	0.54	0.01	0.00532	0.18941		EG
1999	0.54	0.55	0.01	0.0054	0.19481		EG
1999	0.55	0.56	0.01	0.00549	0.2003		EG
1999	0.56	0.57	0.01	0.00558	0.20589		EG
1999	0.57	0.58	0.01	0.00568	0.21156		EG
1999	0.58	0.59	0.01	0.00577	0.21733		EG
1999	0.59	0.6	0.01	0.00587	0.22321		EG
1999	0.6	0.61	0.01	0.00597	0.22918		EG
1999	0.61	0.62	0.01	0.00608	0.23526		EG
1999	0.62	0.63	0.01	0.00619	0.24145		EG
1999	0.63	0.64	0.01	0.0063	0.24775		EG
1999	0.64	0.65	0.01	0.00642	0.25417		EG
1999	0.65	0.66	0.01	0.00653	0.2607		EG
1999	0.66	0.67	0.01	0.00666	0.26736		EG
1999	0.67	0.68	0.01	0.00678	0.27414		EG
1999	0.68	0.69	0.01	0.00691	0.28106		EG
1999	0.69	0.7	0.01	0.00705	0.28811		EG
1999	0.7	0.71	0.01	0.00719	0.2953		EG
1999	0.71	0.72	0.01	0.00734	0.30264		EG
1999	0.72	0.73	0.01	0.0075	0.31014		EG
1999	0.73	0.74	0.01	0.00766	0.3178		EG
1999	0.74	0.75	0.01	0.00783	0.32563		EG
1999	0.75	0.76	0.01	0.00801	0.33364		EG
1999	0.76	0.77	0.01	0.0082	0.34183		EG
1999	0.77	0.78	0.01	0.0084	0.35024		EG
1999	0.78	0.79	0.01	0.00863	0.35887		EG
1999	0.79	0.8	0.01	0.0089	0.36777		EG
1999	0.8	0.81	0.01	0.00922	0.37699		EG
1999	0.81	0.82	0.01	0.00962	0.38661		EG
1999	0.82	0.83	0.01	0.0101	0.39671		EG
1999	0.83	0.84	0.01	0.0107	0.40741		EG
1999	0.84	0.85	0.01	0.01141	0.41882		EG
1999	0.85	0.86	0.01	0.01225	0.43107		EG
1999	0.86	0.87	0.01	0.01325	0.44432		EG
1999	0.87	0.88	0.01	0.01441	0.45873		EG
1999	0.88	0.89	0.01	0.01576	0.47449		EG
1999	0.89	0.9	0.01	0.01729	0.49178		EG
1999	0.9	0.91	0.01	0.01906	0.51084		EG
1999	0.91	0.92	0.01	0.0211	0.53194		EG
1999	0.92	0.93	0.01	0.02346	0.5554		EG
1999	0.93	0.94	0.01	0.02628	0.58168		EG
1999	0.94	0.95	0.01	0.02989	0.61156		EG
1999	0.95	0.96	0.01	0.03469	0.64625		EG
1999	0.96	0.97	0.01	0.04104	0.68729		EG
1999	0.97	0.98	0.01	0.05043	0.73773		EG
1999	0.98	0.99	0.01	0.06747	0.8052		EG
1999	0.99	1	0.01	0.1948	1		EG
