year	low	high	width	share	cumul	# sptinc992j	country
2007	0	0.01	0.01	0.00017	0.00017		IQ
2007	0.01	0.02	0.01	0.00072	0.00089		IQ
2007	0.02	0.03	0.01	0.00106	0.00195		IQ
2007	0.03	0.04	0.01	0.00123	0.00318		IQ
2007	0.04	0.05	0.01	0.00136	0.00454		IQ
2007	0.05	0.06	0.01	0.0015	0.00604		IQ
2007	0.06	0.07	0.01	0.00164	0.00769		IQ
2007	0.07	0.08	0.01	0.00177	0.00946		IQ
2007	0.08	0.09	0.01	0.00188	0.01133		IQ
2007	0.09	0.1	0.01	0.00197	0.01331		IQ
2007	0.1	0.11	0.01	0.00207	0.01538		IQ
2007	0.11	0.12	0.01	0.00216	0.01753		IQ
2007	0.12	0.13	0.01	0.00222	0.01976		IQ
2007	0.13	0.14	0.01	0.00229	0.02205		IQ
2007	0.14	0.15	0.01	0.00238	0.02443		IQ
2007	0.15	0.16	0.01	0.00247	0.0269		IQ
2007	0.16	0.17	0.01	0.00255	0.02944		IQ
2007	0.17	0.18	0.01	0.00262	0.03207		IQ
2007	0.18	0.19	0.01	0.0027	0.03477		IQ
2007	0.19	0.2	0.01	0.00278	0.03755		IQ
2007	0.2	0.21	0.01	0.00283	0.04037		IQ
2007	0.21	0.22	0.01	0.00288	0.04325		IQ
2007	0.22	0.23	0.01	0.00294	0.04619		IQ
2007	0.23	0.24	0.01	0.003	0.04919		IQ
2007	0.24	0.25	0.01	0.00307	0.05226		IQ
2007	0.25	0.26	0.01	0.00313	0.05539		IQ
2007	0.26	0.27	0.01	0.0032	0.05859		IQ
2007	0.27	0.28	0.01	0.00327	0.06186		IQ
2007	0.28	0.29	0.01	0.00334	0.06519		IQ
2007	0.29	0.3	0.01	0.0034	0.0686		IQ
2007	0.3	0.31	0.01	0.00347	0.07207		IQ
2007	0.31	0.32	0.01	0.00354	0.07561		IQ
2007	0.32	0.33	0.01	0.0036	0.07921		IQ
2007	0.33	0.34	0.01	0.00367	0.08287		IQ
2007	0.34	0.35	0.01	0.00374	0.08661		IQ
2007	0.35	0.36	0.01	0.00381	0.09042		IQ
2007	0.36	0.37	0.01	0.00388	0.09429		IQ
2007	0.37	0.38	0.01	0.00395	0.09824		IQ
2007	0.38	0.39	0.01	0.00402	0.10226		IQ
2007	0.39	0.4	0.01	0.00409	0.10635		IQ
2007	0.4	0.41	0.01	0.00417	0.11052		IQ
2007	0.41	0.42	0.01	0.00425	0.11478		IQ
2007	0.42	0.43	0.01	0.00434	0.11911		IQ
2007	0.43	0.44	0.01	0.00442	0.12353		IQ
2007	0.44	0.45	0.01	0.0045	0.12802		IQ
2007	0.45	0.46	0.01	0.00458	0.1326		IQ
2007	0.46	0.47	0.01	0.00466	0.13726		IQ
2007	0.47	0.48	0.01	0.00474	0.142		IQ
2007	0.48	0.49	0.01	0.00483	0.14683		IQ
2007	0.49	0.5	0.01	0.00491	0.15174		IQ
2007	0.5	0.51	0.01	0.005	0.15675		IQ
2007	0.51	0.52	0.01	0.00509	0.16184		IQ
2007	0.52	0.53	0.01	0.00518	0.16702		IQ
2007	0.53	0.54	0.01	0.00527	0.17229		IQ
2007	0.54	0.55	0.01	0.00536	0.17765		IQ
2007	0.55	0.56	0.01	0.00545	0.18311		IQ
2007	0.56	0.57	0.01	0.00555	0.18865		IQ
2007	0.57	0.58	0.01	0.00564	0.19429		IQ
2007	0.58	0.59	0.01	0.00573	0.20003		IQ
2007	0.59	0.6	0.01	0.00583	0.20586		IQ
2007	0.6	0.61	0.01	0.00593	0.21179		IQ
2007	0.61	0.62	0.01	0.00603	0.21782		IQ
2007	0.62	0.63	0.01	0.00613	0.22395		IQ
2007	0.63	0.64	0.01	0.00624	0.23019		IQ
2007	0.64	0.65	0.01	0.00635	0.23654		IQ
2007	0.65	0.66	0.01	0.00647	0.24301		IQ
2007	0.66	0.67	0.01	0.00659	0.24959		IQ
2007	0.67	0.68	0.01	0.00671	0.2563		IQ
2007	0.68	0.69	0.01	0.00683	0.26313		IQ
2007	0.69	0.7	0.01	0.00696	0.27009		IQ
2007	0.7	0.71	0.01	0.00709	0.27718		IQ
2007	0.71	0.72	0.01	0.00722	0.2844		IQ
2007	0.72	0.73	0.01	0.00737	0.29177		IQ
2007	0.73	0.74	0.01	0.00751	0.29928		IQ
2007	0.74	0.75	0.01	0.00767	0.30695		IQ
2007	0.75	0.76	0.01	0.00784	0.31478		IQ
2007	0.76	0.77	0.01	0.00802	0.32281		IQ
2007	0.77	0.78	0.01	0.00822	0.33103		IQ
2007	0.78	0.79	0.01	0.00845	0.33948		IQ
2007	0.79	0.8	0.01	0.00872	0.3482		IQ
2007	0.8	0.81	0.01	0.00904	0.35724		IQ
2007	0.81	0.82	0.01	0.00944	0.36669		IQ
2007	0.82	0.83	0.01	0.00993	0.37662		IQ
2007	0.83	0.84	0.01	0.01051	0.38713		IQ
2007	0.84	0.85	0.01	0.01124	0.39837		IQ
2007	0.85	0.86	0.01	0.0121	0.41046		IQ
2007	0.86	0.87	0.01	0.01313	0.42359		IQ
2007	0.87	0.88	0.01	0.01431	0.4379		IQ
2007	0.88	0.89	0.01	0.01572	0.45362		IQ
2007	0.89	0.9	0.01	0.01737	0.47099		IQ
2007	0.9	0.91	0.01	0.0192	0.49019		IQ
2007	0.91	0.92	0.01	0.02123	0.51142		IQ
2007	0.92	0.93	0.01	0.02353	0.53495		IQ
2007	0.93	0.94	0.01	0.02622	0.56118		IQ
2007	0.94	0.95	0.01	0.02952	0.59069		IQ
2007	0.95	0.96	0.01	0.03392	0.62462		IQ
2007	0.96	0.97	0.01	0.04005	0.66466		IQ
2007	0.97	0.98	0.01	0.04885	0.71351		IQ
2007	0.98	0.99	0.01	0.06626	0.77977		IQ
2007	0.99	1	0.01	0.22023	1		IQ
