year	low	high	width	share	cumul	# sptinc992j	country
2013	0	0.01	0.01	0.0006	0.0006		IR
2013	0.01	0.02	0.01	0.00115	0.00175		IR
2013	0.02	0.03	0.01	0.00134	0.00308		IR
2013	0.03	0.04	0.01	0.00152	0.00461		IR
2013	0.04	0.05	0.01	0.00168	0.00628		IR
2013	0.05	0.06	0.01	0.00181	0.00809		IR
2013	0.06	0.07	0.01	0.00192	0.01001		IR
2013	0.07	0.08	0.01	0.00203	0.01204		IR
2013	0.08	0.09	0.01	0.00211	0.01415		IR
2013	0.09	0.1	0.01	0.00217	0.01632		IR
2013	0.1	0.11	0.01	0.00226	0.01858		IR
2013	0.11	0.12	0.01	0.00235	0.02093		IR
2013	0.12	0.13	0.01	0.00244	0.02337		IR
2013	0.13	0.14	0.01	0.00253	0.0259		IR
2013	0.14	0.15	0.01	0.00262	0.02852		IR
2013	0.15	0.16	0.01	0.00269	0.03121		IR
2013	0.16	0.17	0.01	0.00276	0.03397		IR
2013	0.17	0.18	0.01	0.00284	0.03681		IR
2013	0.18	0.19	0.01	0.00292	0.03973		IR
2013	0.19	0.2	0.01	0.00299	0.04272		IR
2013	0.2	0.21	0.01	0.00307	0.04579		IR
2013	0.21	0.22	0.01	0.00314	0.04893		IR
2013	0.22	0.23	0.01	0.00321	0.05214		IR
2013	0.23	0.24	0.01	0.00329	0.05543		IR
2013	0.24	0.25	0.01	0.00337	0.0588		IR
2013	0.25	0.26	0.01	0.00344	0.06224		IR
2013	0.26	0.27	0.01	0.00352	0.06576		IR
2013	0.27	0.28	0.01	0.00359	0.06935		IR
2013	0.28	0.29	0.01	0.00366	0.07302		IR
2013	0.29	0.3	0.01	0.00374	0.07675		IR
2013	0.3	0.31	0.01	0.00381	0.08056		IR
2013	0.31	0.32	0.01	0.00388	0.08445		IR
2013	0.32	0.33	0.01	0.00396	0.0884		IR
2013	0.33	0.34	0.01	0.00403	0.09243		IR
2013	0.34	0.35	0.01	0.0041	0.09653		IR
2013	0.35	0.36	0.01	0.00418	0.10071		IR
2013	0.36	0.37	0.01	0.00426	0.10497		IR
2013	0.37	0.38	0.01	0.00434	0.10931		IR
2013	0.38	0.39	0.01	0.00442	0.11373		IR
2013	0.39	0.4	0.01	0.0045	0.11822		IR
2013	0.4	0.41	0.01	0.00458	0.1228		IR
2013	0.41	0.42	0.01	0.00466	0.12746		IR
2013	0.42	0.43	0.01	0.00474	0.13221		IR
2013	0.43	0.44	0.01	0.00482	0.13703		IR
2013	0.44	0.45	0.01	0.00491	0.14194		IR
2013	0.45	0.46	0.01	0.005	0.14694		IR
2013	0.46	0.47	0.01	0.00508	0.15202		IR
2013	0.47	0.48	0.01	0.00517	0.15719		IR
2013	0.48	0.49	0.01	0.00526	0.16244		IR
2013	0.49	0.5	0.01	0.00535	0.16779		IR
2013	0.5	0.51	0.01	0.00543	0.17322		IR
2013	0.51	0.52	0.01	0.00553	0.17875		IR
2013	0.52	0.53	0.01	0.00562	0.18437		IR
2013	0.53	0.54	0.01	0.00571	0.19008		IR
2013	0.54	0.55	0.01	0.00581	0.1959		IR
2013	0.55	0.56	0.01	0.00591	0.20181		IR
2013	0.56	0.57	0.01	0.00602	0.20783		IR
2013	0.57	0.58	0.01	0.00612	0.21395		IR
2013	0.58	0.59	0.01	0.00623	0.22017		IR
2013	0.59	0.6	0.01	0.00633	0.22651		IR
2013	0.6	0.61	0.01	0.00644	0.23295		IR
2013	0.61	0.62	0.01	0.00655	0.2395		IR
2013	0.62	0.63	0.01	0.00667	0.24617		IR
2013	0.63	0.64	0.01	0.00679	0.25296		IR
2013	0.64	0.65	0.01	0.00691	0.25988		IR
2013	0.65	0.66	0.01	0.00704	0.26692		IR
2013	0.66	0.67	0.01	0.00717	0.27409		IR
2013	0.67	0.68	0.01	0.00731	0.2814		IR
2013	0.68	0.69	0.01	0.00745	0.28885		IR
2013	0.69	0.7	0.01	0.00759	0.29645		IR
2013	0.7	0.71	0.01	0.00774	0.30419		IR
2013	0.71	0.72	0.01	0.00789	0.31208		IR
2013	0.72	0.73	0.01	0.00805	0.32013		IR
2013	0.73	0.74	0.01	0.00821	0.32834		IR
2013	0.74	0.75	0.01	0.00838	0.33672		IR
2013	0.75	0.76	0.01	0.00856	0.34529		IR
2013	0.76	0.77	0.01	0.00875	0.35404		IR
2013	0.77	0.78	0.01	0.00896	0.363		IR
2013	0.78	0.79	0.01	0.0092	0.3722		IR
2013	0.79	0.8	0.01	0.00948	0.38168		IR
2013	0.8	0.81	0.01	0.00982	0.3915		IR
2013	0.81	0.82	0.01	0.01024	0.40174		IR
2013	0.82	0.83	0.01	0.01077	0.41251		IR
2013	0.83	0.84	0.01	0.01142	0.42393		IR
2013	0.84	0.85	0.01	0.01224	0.43618		IR
2013	0.85	0.86	0.01	0.01321	0.44938		IR
2013	0.86	0.87	0.01	0.01434	0.46372		IR
2013	0.87	0.88	0.01	0.01563	0.47935		IR
2013	0.88	0.89	0.01	0.01715	0.4965		IR
2013	0.89	0.9	0.01	0.01889	0.51539		IR
2013	0.9	0.91	0.01	0.02084	0.53623		IR
2013	0.91	0.92	0.01	0.02304	0.55927		IR
2013	0.92	0.93	0.01	0.02559	0.58485		IR
2013	0.93	0.94	0.01	0.02854	0.61339		IR
2013	0.94	0.95	0.01	0.03203	0.64542		IR
2013	0.95	0.96	0.01	0.03625	0.68167		IR
2013	0.96	0.97	0.01	0.04172	0.72339		IR
2013	0.97	0.98	0.01	0.05012	0.7735		IR
2013	0.98	0.99	0.01	0.06385	0.83735		IR
2013	0.99	0.991	0.001	0.00764	0.845		IR
2013	0.991	0.992	0.001	0.00803	0.85303		IR
2013	0.992	0.993	0.001	0.00849	0.86152		IR
2013	0.993	0.994	0.001	0.00905	0.87057		IR
2013	0.994	0.995	0.001	0.0098	0.88037		IR
2013	0.995	0.996	0.001	0.01077	0.89113		IR
2013	0.996	0.997	0.001	0.01219	0.90332		IR
2013	0.997	0.998	0.001	0.01449	0.91781		IR
2013	0.998	0.999	0.001	0.01922	0.93704		IR
2013	0.999	0.9991	0.0001	0.00244	0.93948		IR
2013	0.9991	0.9992	0.0001	0.0026	0.94208		IR
2013	0.9992	0.9993	0.0001	0.0028	0.94487		IR
2013	0.9993	0.9994	0.0001	0.00304	0.94791		IR
2013	0.9994	0.9995	0.0001	0.00336	0.95127		IR
2013	0.9995	0.9996	0.0001	0.00379	0.95507		IR
2013	0.9996	0.9997	0.0001	0.00443	0.95949		IR
2013	0.9997	0.9998	0.0001	0.00547	0.96497		IR
2013	0.9998	0.9999	0.0001	0.00768	0.97264		IR
2013	0.9999	0.99991	0.00001	0.00101	0.97366		IR
2013	0.99991	0.99992	0.00001	0.00109	0.97474		IR
2013	0.99992	0.99993	0.00001	0.00118	0.97592		IR
2013	0.99993	0.99994	0.00001	0.0013	0.97722		IR
2013	0.99994	0.99995	0.00001	0.00145	0.97867		IR
2013	0.99995	0.99996	0.00001	0.00165	0.98032		IR
2013	0.99996	0.99997	0.00001	0.00195	0.98227		IR
2013	0.99997	0.99998	0.00001	0.00244	0.98472		IR
2013	0.99998	0.99999	0.00001	0.00345	0.98817		IR
2013	0.99999	1	0.00001	0.01183	1		IR
2010	0	0.01	0.01	0.00021	0.00021		IR
2010	0.01	0.02	0.01	0.00066	0.00087		IR
2010	0.02	0.03	0.01	0.00085	0.00172		IR
2010	0.03	0.04	0.01	0.00102	0.00274		IR
2010	0.04	0.05	0.01	0.00117	0.00391		IR
2010	0.05	0.06	0.01	0.0013	0.00521		IR
2010	0.06	0.07	0.01	0.00141	0.00662		IR
2010	0.07	0.08	0.01	0.00151	0.00813		IR
2010	0.08	0.09	0.01	0.0016	0.00973		IR
2010	0.09	0.1	0.01	0.00167	0.0114		IR
2010	0.1	0.11	0.01	0.00175	0.01315		IR
2010	0.11	0.12	0.01	0.00184	0.01499		IR
2010	0.12	0.13	0.01	0.00192	0.01691		IR
2010	0.13	0.14	0.01	0.002	0.0189		IR
2010	0.14	0.15	0.01	0.00207	0.02097		IR
2010	0.15	0.16	0.01	0.00214	0.02311		IR
2010	0.16	0.17	0.01	0.00222	0.02533		IR
2010	0.17	0.18	0.01	0.00229	0.02762		IR
2010	0.18	0.19	0.01	0.00237	0.03		IR
2010	0.19	0.2	0.01	0.00245	0.03245		IR
2010	0.2	0.21	0.01	0.00253	0.03497		IR
2010	0.21	0.22	0.01	0.0026	0.03757		IR
2010	0.22	0.23	0.01	0.00268	0.04025		IR
2010	0.23	0.24	0.01	0.00276	0.04301		IR
2010	0.24	0.25	0.01	0.00284	0.04585		IR
2010	0.25	0.26	0.01	0.00291	0.04876		IR
2010	0.26	0.27	0.01	0.00299	0.05175		IR
2010	0.27	0.28	0.01	0.00307	0.05482		IR
2010	0.28	0.29	0.01	0.00315	0.05797		IR
2010	0.29	0.3	0.01	0.00323	0.0612		IR
2010	0.3	0.31	0.01	0.00331	0.06451		IR
2010	0.31	0.32	0.01	0.0034	0.06791		IR
2010	0.32	0.33	0.01	0.00348	0.07139		IR
2010	0.33	0.34	0.01	0.00356	0.07494		IR
2010	0.34	0.35	0.01	0.00364	0.07859		IR
2010	0.35	0.36	0.01	0.00372	0.08231		IR
2010	0.36	0.37	0.01	0.00381	0.08612		IR
2010	0.37	0.38	0.01	0.0039	0.09002		IR
2010	0.38	0.39	0.01	0.00399	0.094		IR
2010	0.39	0.4	0.01	0.00407	0.09808		IR
2010	0.4	0.41	0.01	0.00416	0.10224		IR
2010	0.41	0.42	0.01	0.00426	0.1065		IR
2010	0.42	0.43	0.01	0.00435	0.11085		IR
2010	0.43	0.44	0.01	0.00444	0.11529		IR
2010	0.44	0.45	0.01	0.00454	0.11983		IR
2010	0.45	0.46	0.01	0.00463	0.12446		IR
2010	0.46	0.47	0.01	0.00473	0.12918		IR
2010	0.47	0.48	0.01	0.00482	0.13401		IR
2010	0.48	0.49	0.01	0.00492	0.13893		IR
2010	0.49	0.5	0.01	0.00502	0.14395		IR
2010	0.5	0.51	0.01	0.00512	0.14907		IR
2010	0.51	0.52	0.01	0.00523	0.1543		IR
2010	0.52	0.53	0.01	0.00533	0.15962		IR
2010	0.53	0.54	0.01	0.00543	0.16506		IR
2010	0.54	0.55	0.01	0.00554	0.1706		IR
2010	0.55	0.56	0.01	0.00565	0.17625		IR
2010	0.56	0.57	0.01	0.00576	0.18201		IR
2010	0.57	0.58	0.01	0.00588	0.18789		IR
2010	0.58	0.59	0.01	0.006	0.19389		IR
2010	0.59	0.6	0.01	0.00612	0.2		IR
2010	0.6	0.61	0.01	0.00624	0.20624		IR
2010	0.61	0.62	0.01	0.00636	0.2126		IR
2010	0.62	0.63	0.01	0.00649	0.21909		IR
2010	0.63	0.64	0.01	0.00662	0.22572		IR
2010	0.64	0.65	0.01	0.00675	0.23247		IR
2010	0.65	0.66	0.01	0.00689	0.23936		IR
2010	0.66	0.67	0.01	0.00704	0.2464		IR
2010	0.67	0.68	0.01	0.00719	0.25358		IR
2010	0.68	0.69	0.01	0.00734	0.26093		IR
2010	0.69	0.7	0.01	0.00751	0.26844		IR
2010	0.7	0.71	0.01	0.00768	0.27612		IR
2010	0.71	0.72	0.01	0.00786	0.28397		IR
2010	0.72	0.73	0.01	0.00804	0.29201		IR
2010	0.73	0.74	0.01	0.00823	0.30024		IR
2010	0.74	0.75	0.01	0.00842	0.30866		IR
2010	0.75	0.76	0.01	0.00863	0.31729		IR
2010	0.76	0.77	0.01	0.00885	0.32614		IR
2010	0.77	0.78	0.01	0.00908	0.33522		IR
2010	0.78	0.79	0.01	0.00935	0.34456		IR
2010	0.79	0.8	0.01	0.00965	0.35422		IR
2010	0.8	0.81	0.01	0.01002	0.36424		IR
2010	0.81	0.82	0.01	0.01047	0.37471		IR
2010	0.82	0.83	0.01	0.01103	0.38574		IR
2010	0.83	0.84	0.01	0.0117	0.39743		IR
2010	0.84	0.85	0.01	0.01253	0.40996		IR
2010	0.85	0.86	0.01	0.0135	0.42346		IR
2010	0.86	0.87	0.01	0.01462	0.43808		IR
2010	0.87	0.88	0.01	0.0159	0.45397		IR
2010	0.88	0.89	0.01	0.01741	0.47139		IR
2010	0.89	0.9	0.01	0.01919	0.49058		IR
2010	0.9	0.91	0.01	0.0212	0.51178		IR
2010	0.91	0.92	0.01	0.02348	0.53526		IR
2010	0.92	0.93	0.01	0.02611	0.56137		IR
2010	0.93	0.94	0.01	0.02919	0.59056		IR
2010	0.94	0.95	0.01	0.03275	0.62331		IR
2010	0.95	0.96	0.01	0.03692	0.66023		IR
2010	0.96	0.97	0.01	0.04247	0.7027		IR
2010	0.97	0.98	0.01	0.05111	0.75382		IR
2010	0.98	0.99	0.01	0.06601	0.81983		IR
2010	0.99	1	0.01	0.18017	1		IR
