year	low	high	width	share	cumul	# sptinc992j	country
2013	0	0.01	0.01	0.00053	0.00053		JO
2013	0.01	0.02	0.01	0.00113	0.00166		JO
2013	0.02	0.03	0.01	0.00145	0.00311		JO
2013	0.03	0.04	0.01	0.00159	0.00469		JO
2013	0.04	0.05	0.01	0.00168	0.00637		JO
2013	0.05	0.06	0.01	0.00181	0.00818		JO
2013	0.06	0.07	0.01	0.00195	0.01013		JO
2013	0.07	0.08	0.01	0.00206	0.01219		JO
2013	0.08	0.09	0.01	0.00215	0.01434		JO
2013	0.09	0.1	0.01	0.00224	0.01658		JO
2013	0.1	0.11	0.01	0.00232	0.0189		JO
2013	0.11	0.12	0.01	0.0024	0.0213		JO
2013	0.12	0.13	0.01	0.0025	0.0238		JO
2013	0.13	0.14	0.01	0.0026	0.02641		JO
2013	0.14	0.15	0.01	0.0027	0.02911		JO
2013	0.15	0.16	0.01	0.00278	0.03189		JO
2013	0.16	0.17	0.01	0.00285	0.03474		JO
2013	0.17	0.18	0.01	0.00293	0.03767		JO
2013	0.18	0.19	0.01	0.00302	0.04069		JO
2013	0.19	0.2	0.01	0.00309	0.04377		JO
2013	0.2	0.21	0.01	0.00315	0.04692		JO
2013	0.21	0.22	0.01	0.00321	0.05013		JO
2013	0.22	0.23	0.01	0.0033	0.05343		JO
2013	0.23	0.24	0.01	0.00337	0.0568		JO
2013	0.24	0.25	0.01	0.00344	0.06025		JO
2013	0.25	0.26	0.01	0.00351	0.06375		JO
2013	0.26	0.27	0.01	0.00358	0.06733		JO
2013	0.27	0.28	0.01	0.00365	0.07099		JO
2013	0.28	0.29	0.01	0.00373	0.07472		JO
2013	0.29	0.3	0.01	0.00382	0.07854		JO
2013	0.3	0.31	0.01	0.0039	0.08244		JO
2013	0.31	0.32	0.01	0.00398	0.08642		JO
2013	0.32	0.33	0.01	0.00406	0.09048		JO
2013	0.33	0.34	0.01	0.00414	0.09462		JO
2013	0.34	0.35	0.01	0.00422	0.09884		JO
2013	0.35	0.36	0.01	0.0043	0.10314		JO
2013	0.36	0.37	0.01	0.00437	0.10751		JO
2013	0.37	0.38	0.01	0.00445	0.11196		JO
2013	0.38	0.39	0.01	0.00454	0.1165		JO
2013	0.39	0.4	0.01	0.00463	0.12113		JO
2013	0.4	0.41	0.01	0.00471	0.12584		JO
2013	0.41	0.42	0.01	0.0048	0.13064		JO
2013	0.42	0.43	0.01	0.00489	0.13553		JO
2013	0.43	0.44	0.01	0.00498	0.14051		JO
2013	0.44	0.45	0.01	0.00507	0.14558		JO
2013	0.45	0.46	0.01	0.00516	0.15073		JO
2013	0.46	0.47	0.01	0.00525	0.15598		JO
2013	0.47	0.48	0.01	0.00533	0.16131		JO
2013	0.48	0.49	0.01	0.00542	0.16673		JO
2013	0.49	0.5	0.01	0.0055	0.17223		JO
2013	0.5	0.51	0.01	0.00559	0.17782		JO
2013	0.51	0.52	0.01	0.00568	0.18351		JO
2013	0.52	0.53	0.01	0.00577	0.18928		JO
2013	0.53	0.54	0.01	0.00587	0.19515		JO
2013	0.54	0.55	0.01	0.00597	0.20112		JO
2013	0.55	0.56	0.01	0.00607	0.20719		JO
2013	0.56	0.57	0.01	0.00617	0.21336		JO
2013	0.57	0.58	0.01	0.00627	0.21963		JO
2013	0.58	0.59	0.01	0.00637	0.226		JO
2013	0.59	0.6	0.01	0.00647	0.23247		JO
2013	0.6	0.61	0.01	0.00657	0.23904		JO
2013	0.61	0.62	0.01	0.00667	0.24572		JO
2013	0.62	0.63	0.01	0.00678	0.25249		JO
2013	0.63	0.64	0.01	0.00689	0.25938		JO
2013	0.64	0.65	0.01	0.007	0.26638		JO
2013	0.65	0.66	0.01	0.00712	0.2735		JO
2013	0.66	0.67	0.01	0.00724	0.28074		JO
2013	0.67	0.68	0.01	0.00736	0.2881		JO
2013	0.68	0.69	0.01	0.00749	0.29559		JO
2013	0.69	0.7	0.01	0.00762	0.3032		JO
2013	0.7	0.71	0.01	0.00775	0.31095		JO
2013	0.71	0.72	0.01	0.0079	0.31885		JO
2013	0.72	0.73	0.01	0.00805	0.3269		JO
2013	0.73	0.74	0.01	0.00821	0.33511		JO
2013	0.74	0.75	0.01	0.00839	0.3435		JO
2013	0.75	0.76	0.01	0.00858	0.35208		JO
2013	0.76	0.77	0.01	0.0088	0.36088		JO
2013	0.77	0.78	0.01	0.00904	0.36991		JO
2013	0.78	0.79	0.01	0.00932	0.37923		JO
2013	0.79	0.8	0.01	0.00965	0.38888		JO
2013	0.8	0.81	0.01	0.01004	0.39892		JO
2013	0.81	0.82	0.01	0.01051	0.40943		JO
2013	0.82	0.83	0.01	0.01104	0.42047		JO
2013	0.83	0.84	0.01	0.01167	0.43214		JO
2013	0.84	0.85	0.01	0.01245	0.44459		JO
2013	0.85	0.86	0.01	0.01339	0.45798		JO
2013	0.86	0.87	0.01	0.0145	0.47248		JO
2013	0.87	0.88	0.01	0.01575	0.48824		JO
2013	0.88	0.89	0.01	0.01724	0.50548		JO
2013	0.89	0.9	0.01	0.01898	0.52446		JO
2013	0.9	0.91	0.01	0.02087	0.54533		JO
2013	0.91	0.92	0.01	0.02294	0.56827		JO
2013	0.92	0.93	0.01	0.02536	0.59363		JO
2013	0.93	0.94	0.01	0.0282	0.62183		JO
2013	0.94	0.95	0.01	0.03132	0.65315		JO
2013	0.95	0.96	0.01	0.03479	0.68794		JO
2013	0.96	0.97	0.01	0.03995	0.7279		JO
2013	0.97	0.98	0.01	0.04919	0.77709		JO
2013	0.98	0.99	0.01	0.06193	0.83901		JO
2013	0.99	0.991	0.001	0.00725	0.84626		JO
2013	0.991	0.992	0.001	0.00755	0.85381		JO
2013	0.992	0.993	0.001	0.00793	0.86175		JO
2013	0.993	0.994	0.001	0.00838	0.87013		JO
2013	0.994	0.995	0.001	0.00898	0.87911		JO
2013	0.995	0.996	0.001	0.00978	0.88889		JO
2013	0.996	0.997	0.001	0.01097	0.89987		JO
2013	0.997	0.998	0.001	0.01295	0.91281		JO
2013	0.998	0.999	0.001	0.01719	0.93		JO
2013	0.999	0.9991	0.0001	0.0022	0.9322		JO
2013	0.9991	0.9992	0.0001	0.00235	0.93455		JO
2013	0.9992	0.9993	0.0001	0.00254	0.93709		JO
2013	0.9993	0.9994	0.0001	0.00278	0.93987		JO
2013	0.9994	0.9995	0.0001	0.0031	0.94297		JO
2013	0.9995	0.9996	0.0001	0.00353	0.9465		JO
2013	0.9996	0.9997	0.0001	0.00418	0.95068		JO
2013	0.9997	0.9998	0.0001	0.00529	0.95597		JO
2013	0.9998	0.9999	0.0001	0.00771	0.96368		JO
2013	0.9999	0.99991	0.00001	0.00105	0.96473		JO
2013	0.99991	0.99992	0.00001	0.00114	0.96586		JO
2013	0.99992	0.99993	0.00001	0.00124	0.96711		JO
2013	0.99993	0.99994	0.00001	0.00138	0.96849		JO
2013	0.99994	0.99995	0.00001	0.00156	0.97005		JO
2013	0.99995	0.99996	0.00001	0.00181	0.97187		JO
2013	0.99996	0.99997	0.00001	0.00219	0.97405		JO
2013	0.99997	0.99998	0.00001	0.00281	0.97686		JO
2013	0.99998	0.99999	0.00001	0.00414	0.981		JO
2013	0.99999	1	0.00001	0.019	1		JO
2010	0	0.01	0.01	0.0008	0.0008		JO
2010	0.01	0.02	0.01	0.00131	0.00211		JO
2010	0.02	0.03	0.01	0.00158	0.00369		JO
2010	0.03	0.04	0.01	0.0017	0.00538		JO
2010	0.04	0.05	0.01	0.00176	0.00714		JO
2010	0.05	0.06	0.01	0.00184	0.00898		JO
2010	0.06	0.07	0.01	0.00194	0.01092		JO
2010	0.07	0.08	0.01	0.00203	0.01295		JO
2010	0.08	0.09	0.01	0.00211	0.01506		JO
2010	0.09	0.1	0.01	0.00219	0.01725		JO
2010	0.1	0.11	0.01	0.00228	0.01953		JO
2010	0.11	0.12	0.01	0.00238	0.02191		JO
2010	0.12	0.13	0.01	0.00247	0.02438		JO
2010	0.13	0.14	0.01	0.00256	0.02694		JO
2010	0.14	0.15	0.01	0.00264	0.02958		JO
2010	0.15	0.16	0.01	0.00272	0.0323		JO
2010	0.16	0.17	0.01	0.0028	0.0351		JO
2010	0.17	0.18	0.01	0.00287	0.03797		JO
2010	0.18	0.19	0.01	0.00294	0.04091		JO
2010	0.19	0.2	0.01	0.00301	0.04392		JO
2010	0.2	0.21	0.01	0.00307	0.04699		JO
2010	0.21	0.22	0.01	0.00314	0.05013		JO
2010	0.22	0.23	0.01	0.00321	0.05334		JO
2010	0.23	0.24	0.01	0.00329	0.05662		JO
2010	0.24	0.25	0.01	0.00337	0.05999		JO
2010	0.25	0.26	0.01	0.00345	0.06343		JO
2010	0.26	0.27	0.01	0.00352	0.06695		JO
2010	0.27	0.28	0.01	0.00358	0.07054		JO
2010	0.28	0.29	0.01	0.00364	0.07418		JO
2010	0.29	0.3	0.01	0.0037	0.07788		JO
2010	0.3	0.31	0.01	0.00376	0.08164		JO
2010	0.31	0.32	0.01	0.00382	0.08546		JO
2010	0.32	0.33	0.01	0.00389	0.08935		JO
2010	0.33	0.34	0.01	0.00396	0.09331		JO
2010	0.34	0.35	0.01	0.00403	0.09734		JO
2010	0.35	0.36	0.01	0.00411	0.10145		JO
2010	0.36	0.37	0.01	0.00418	0.10563		JO
2010	0.37	0.38	0.01	0.00425	0.10988		JO
2010	0.38	0.39	0.01	0.00432	0.1142		JO
2010	0.39	0.4	0.01	0.00439	0.1186		JO
2010	0.4	0.41	0.01	0.00446	0.12306		JO
2010	0.41	0.42	0.01	0.00453	0.12759		JO
2010	0.42	0.43	0.01	0.0046	0.13219		JO
2010	0.43	0.44	0.01	0.00467	0.13686		JO
2010	0.44	0.45	0.01	0.00474	0.1416		JO
2010	0.45	0.46	0.01	0.00482	0.14642		JO
2010	0.46	0.47	0.01	0.00489	0.15131		JO
2010	0.47	0.48	0.01	0.00497	0.15628		JO
2010	0.48	0.49	0.01	0.00504	0.16132		JO
2010	0.49	0.5	0.01	0.00512	0.16644		JO
2010	0.5	0.51	0.01	0.00521	0.17165		JO
2010	0.51	0.52	0.01	0.00529	0.17694		JO
2010	0.52	0.53	0.01	0.00537	0.18231		JO
2010	0.53	0.54	0.01	0.00546	0.18777		JO
2010	0.54	0.55	0.01	0.00555	0.19332		JO
2010	0.55	0.56	0.01	0.00563	0.19895		JO
2010	0.56	0.57	0.01	0.00572	0.20467		JO
2010	0.57	0.58	0.01	0.0058	0.21047		JO
2010	0.58	0.59	0.01	0.00589	0.21636		JO
2010	0.59	0.6	0.01	0.00598	0.22234		JO
2010	0.6	0.61	0.01	0.00607	0.22841		JO
2010	0.61	0.62	0.01	0.00616	0.23457		JO
2010	0.62	0.63	0.01	0.00626	0.24083		JO
2010	0.63	0.64	0.01	0.00635	0.24718		JO
2010	0.64	0.65	0.01	0.00645	0.25363		JO
2010	0.65	0.66	0.01	0.00656	0.26019		JO
2010	0.66	0.67	0.01	0.00666	0.26685		JO
2010	0.67	0.68	0.01	0.00677	0.27362		JO
2010	0.68	0.69	0.01	0.00687	0.28049		JO
2010	0.69	0.7	0.01	0.00698	0.28747		JO
2010	0.7	0.71	0.01	0.0071	0.29457		JO
2010	0.71	0.72	0.01	0.00722	0.30179		JO
2010	0.72	0.73	0.01	0.00735	0.30915		JO
2010	0.73	0.74	0.01	0.0075	0.31664		JO
2010	0.74	0.75	0.01	0.00765	0.32429		JO
2010	0.75	0.76	0.01	0.00782	0.33211		JO
2010	0.76	0.77	0.01	0.008	0.34011		JO
2010	0.77	0.78	0.01	0.00819	0.3483		JO
2010	0.78	0.79	0.01	0.0084	0.3567		JO
2010	0.79	0.8	0.01	0.00865	0.36535		JO
2010	0.8	0.81	0.01	0.00894	0.37429		JO
2010	0.81	0.82	0.01	0.0093	0.3836		JO
2010	0.82	0.83	0.01	0.00976	0.39335		JO
2010	0.83	0.84	0.01	0.01032	0.40367		JO
2010	0.84	0.85	0.01	0.01102	0.41469		JO
2010	0.85	0.86	0.01	0.01185	0.42655		JO
2010	0.86	0.87	0.01	0.01281	0.43936		JO
2010	0.87	0.88	0.01	0.01386	0.45322		JO
2010	0.88	0.89	0.01	0.01508	0.4683		JO
2010	0.89	0.9	0.01	0.01656	0.48486		JO
2010	0.9	0.91	0.01	0.01836	0.50322		JO
2010	0.91	0.92	0.01	0.02042	0.52364		JO
2010	0.92	0.93	0.01	0.02251	0.54615		JO
2010	0.93	0.94	0.01	0.02476	0.57092		JO
2010	0.94	0.95	0.01	0.0279	0.59882		JO
2010	0.95	0.96	0.01	0.03263	0.63145		JO
2010	0.96	0.97	0.01	0.03844	0.66989		JO
2010	0.97	0.98	0.01	0.04719	0.71708		JO
2010	0.98	0.99	0.01	0.06339	0.78047		JO
2010	0.99	0.991	0.001	0.00844	0.78891		JO
2010	0.991	0.992	0.001	0.00905	0.79796		JO
2010	0.992	0.993	0.001	0.00981	0.80776		JO
2010	0.993	0.994	0.001	0.01073	0.81849		JO
2010	0.994	0.995	0.001	0.01192	0.83041		JO
2010	0.995	0.996	0.001	0.01351	0.84392		JO
2010	0.996	0.997	0.001	0.01582	0.85974		JO
2010	0.997	0.998	0.001	0.01956	0.8793		JO
2010	0.998	0.999	0.001	0.0272	0.9065		JO
2010	0.999	0.9991	0.0001	0.00354	0.91004		JO
2010	0.9991	0.9992	0.0001	0.0038	0.91385		JO
2010	0.9992	0.9993	0.0001	0.00411	0.91796		JO
2010	0.9993	0.9994	0.0001	0.0045	0.92246		JO
2010	0.9994	0.9995	0.0001	0.005	0.92746		JO
2010	0.9995	0.9996	0.0001	0.00569	0.93315		JO
2010	0.9996	0.9997	0.0001	0.00667	0.93982		JO
2010	0.9997	0.9998	0.0001	0.00829	0.94811		JO
2010	0.9998	0.9999	0.0001	0.01165	0.95976		JO
2010	0.9999	0.99991	0.00001	0.00153	0.96129		JO
2010	0.99991	0.99992	0.00001	0.00164	0.96293		JO
2010	0.99992	0.99993	0.00001	0.00178	0.96471		JO
2010	0.99993	0.99994	0.00001	0.00195	0.96667		JO
2010	0.99994	0.99995	0.00001	0.00218	0.96884		JO
2010	0.99995	0.99996	0.00001	0.00248	0.97133		JO
2010	0.99996	0.99997	0.00001	0.00292	0.97425		JO
2010	0.99997	0.99998	0.00001	0.00363	0.97788		JO
2010	0.99998	0.99999	0.00001	0.0051	0.98298		JO
2010	0.99999	1	0.00001	0.01702	1		JO
2008	0	0.01	0.01	0.00068	0.00068		JO
2008	0.01	0.02	0.01	0.00129	0.00197		JO
2008	0.02	0.03	0.01	0.00161	0.00358		JO
2008	0.03	0.04	0.01	0.00177	0.00535		JO
2008	0.04	0.05	0.01	0.0019	0.00725		JO
2008	0.05	0.06	0.01	0.00206	0.00931		JO
2008	0.06	0.07	0.01	0.00219	0.01151		JO
2008	0.07	0.08	0.01	0.00228	0.01379		JO
2008	0.08	0.09	0.01	0.00237	0.01616		JO
2008	0.09	0.1	0.01	0.00247	0.01863		JO
2008	0.1	0.11	0.01	0.00256	0.0212		JO
2008	0.11	0.12	0.01	0.00264	0.02384		JO
2008	0.12	0.13	0.01	0.0027	0.02654		JO
2008	0.13	0.14	0.01	0.00276	0.0293		JO
2008	0.14	0.15	0.01	0.00283	0.03212		JO
2008	0.15	0.16	0.01	0.0029	0.03502		JO
2008	0.16	0.17	0.01	0.00298	0.038		JO
2008	0.17	0.18	0.01	0.00306	0.04106		JO
2008	0.18	0.19	0.01	0.00313	0.04419		JO
2008	0.19	0.2	0.01	0.0032	0.04739		JO
2008	0.2	0.21	0.01	0.00326	0.05064		JO
2008	0.21	0.22	0.01	0.00332	0.05397		JO
2008	0.22	0.23	0.01	0.0034	0.05736		JO
2008	0.23	0.24	0.01	0.00348	0.06085		JO
2008	0.24	0.25	0.01	0.00356	0.06441		JO
2008	0.25	0.26	0.01	0.00363	0.06804		JO
2008	0.26	0.27	0.01	0.00369	0.07173		JO
2008	0.27	0.28	0.01	0.00376	0.07548		JO
2008	0.28	0.29	0.01	0.00383	0.07931		JO
2008	0.29	0.3	0.01	0.0039	0.08321		JO
2008	0.3	0.31	0.01	0.00397	0.08718		JO
2008	0.31	0.32	0.01	0.00405	0.09123		JO
2008	0.32	0.33	0.01	0.00413	0.09536		JO
2008	0.33	0.34	0.01	0.00421	0.09957		JO
2008	0.34	0.35	0.01	0.00429	0.10386		JO
2008	0.35	0.36	0.01	0.00438	0.10824		JO
2008	0.36	0.37	0.01	0.00447	0.11271		JO
2008	0.37	0.38	0.01	0.00455	0.11727		JO
2008	0.38	0.39	0.01	0.00464	0.1219		JO
2008	0.39	0.4	0.01	0.00471	0.12662		JO
2008	0.4	0.41	0.01	0.00479	0.13141		JO
2008	0.41	0.42	0.01	0.00487	0.13628		JO
2008	0.42	0.43	0.01	0.00494	0.14122		JO
2008	0.43	0.44	0.01	0.00502	0.14624		JO
2008	0.44	0.45	0.01	0.0051	0.15135		JO
2008	0.45	0.46	0.01	0.00518	0.15653		JO
2008	0.46	0.47	0.01	0.00526	0.16179		JO
2008	0.47	0.48	0.01	0.00535	0.16713		JO
2008	0.48	0.49	0.01	0.00543	0.17257		JO
2008	0.49	0.5	0.01	0.00552	0.17809		JO
2008	0.5	0.51	0.01	0.00561	0.1837		JO
2008	0.51	0.52	0.01	0.00571	0.18941		JO
2008	0.52	0.53	0.01	0.0058	0.19521		JO
2008	0.53	0.54	0.01	0.0059	0.2011		JO
2008	0.54	0.55	0.01	0.00599	0.20709		JO
2008	0.55	0.56	0.01	0.00608	0.21317		JO
2008	0.56	0.57	0.01	0.00618	0.21935		JO
2008	0.57	0.58	0.01	0.00628	0.22563		JO
2008	0.58	0.59	0.01	0.00637	0.232		JO
2008	0.59	0.6	0.01	0.00647	0.23848		JO
2008	0.6	0.61	0.01	0.00658	0.24505		JO
2008	0.61	0.62	0.01	0.00668	0.25173		JO
2008	0.62	0.63	0.01	0.00679	0.25852		JO
2008	0.63	0.64	0.01	0.0069	0.26543		JO
2008	0.64	0.65	0.01	0.00702	0.27244		JO
2008	0.65	0.66	0.01	0.00713	0.27957		JO
2008	0.66	0.67	0.01	0.00725	0.28682		JO
2008	0.67	0.68	0.01	0.00737	0.29419		JO
2008	0.68	0.69	0.01	0.00749	0.30168		JO
2008	0.69	0.7	0.01	0.00762	0.3093		JO
2008	0.7	0.71	0.01	0.00775	0.31705		JO
2008	0.71	0.72	0.01	0.00789	0.32494		JO
2008	0.72	0.73	0.01	0.00803	0.33297		JO
2008	0.73	0.74	0.01	0.00819	0.34116		JO
2008	0.74	0.75	0.01	0.00835	0.34951		JO
2008	0.75	0.76	0.01	0.00852	0.35803		JO
2008	0.76	0.77	0.01	0.00871	0.36674		JO
2008	0.77	0.78	0.01	0.00891	0.37566		JO
2008	0.78	0.79	0.01	0.00914	0.3848		JO
2008	0.79	0.8	0.01	0.00941	0.39421		JO
2008	0.8	0.81	0.01	0.00974	0.40395		JO
2008	0.81	0.82	0.01	0.01015	0.4141		JO
2008	0.82	0.83	0.01	0.01067	0.42477		JO
2008	0.83	0.84	0.01	0.01131	0.43608		JO
2008	0.84	0.85	0.01	0.0121	0.44818		JO
2008	0.85	0.86	0.01	0.01303	0.4612		JO
2008	0.86	0.87	0.01	0.01414	0.47534		JO
2008	0.87	0.88	0.01	0.01543	0.49077		JO
2008	0.88	0.89	0.01	0.01698	0.50774		JO
2008	0.89	0.9	0.01	0.01875	0.5265		JO
2008	0.9	0.91	0.01	0.02068	0.54718		JO
2008	0.91	0.92	0.01	0.02279	0.56997		JO
2008	0.92	0.93	0.01	0.02528	0.59525		JO
2008	0.93	0.94	0.01	0.02839	0.62364		JO
2008	0.94	0.95	0.01	0.0322	0.65584		JO
2008	0.95	0.96	0.01	0.03642	0.69226		JO
2008	0.96	0.97	0.01	0.04138	0.73363		JO
2008	0.97	0.98	0.01	0.04883	0.78246		JO
2008	0.98	0.99	0.01	0.06052	0.84299		JO
2008	0.99	0.991	0.001	0.00722	0.85021		JO
2008	0.991	0.992	0.001	0.00757	0.85778		JO
2008	0.992	0.993	0.001	0.00798	0.86576		JO
2008	0.993	0.994	0.001	0.00849	0.87425		JO
2008	0.994	0.995	0.001	0.00913	0.88339		JO
2008	0.995	0.996	0.001	0.01001	0.8934		JO
2008	0.996	0.997	0.001	0.01129	0.90468		JO
2008	0.997	0.998	0.001	0.01338	0.91806		JO
2008	0.998	0.999	0.001	0.01777	0.93583		JO
2008	0.999	0.9991	0.0001	0.00226	0.9381		JO
2008	0.9991	0.9992	0.0001	0.00242	0.94052		JO
2008	0.9992	0.9993	0.0001	0.00261	0.94313		JO
2008	0.9993	0.9994	0.0001	0.00284	0.94597		JO
2008	0.9994	0.9995	0.0001	0.00316	0.94913		JO
2008	0.9995	0.9996	0.0001	0.00358	0.95271		JO
2008	0.9996	0.9997	0.0001	0.00421	0.95692		JO
2008	0.9997	0.9998	0.0001	0.00527	0.96219		JO
2008	0.9998	0.9999	0.0001	0.00754	0.96972		JO
2008	0.9999	0.99991	0.00001	0.00101	0.97073		JO
2008	0.99991	0.99992	0.00001	0.00109	0.97182		JO
2008	0.99992	0.99993	0.00001	0.00119	0.973		JO
2008	0.99993	0.99994	0.00001	0.00131	0.97432		JO
2008	0.99994	0.99995	0.00001	0.00147	0.97579		JO
2008	0.99995	0.99996	0.00001	0.0017	0.97749		JO
2008	0.99996	0.99997	0.00001	0.00202	0.97951		JO
2008	0.99997	0.99998	0.00001	0.00257	0.98208		JO
2008	0.99998	0.99999	0.00001	0.0037	0.98577		JO
2008	0.99999	1	0.00001	0.01423	1		JO
2006	0	0.01	0.01	0.00066	0.00066		JO
2006	0.01	0.02	0.01	0.00112	0.00178		JO
2006	0.02	0.03	0.01	0.00138	0.00316		JO
2006	0.03	0.04	0.01	0.00154	0.0047		JO
2006	0.04	0.05	0.01	0.00164	0.00634		JO
2006	0.05	0.06	0.01	0.00174	0.00808		JO
2006	0.06	0.07	0.01	0.00185	0.00993		JO
2006	0.07	0.08	0.01	0.00196	0.01189		JO
2006	0.08	0.09	0.01	0.00209	0.01398		JO
2006	0.09	0.1	0.01	0.00221	0.01619		JO
2006	0.1	0.11	0.01	0.00232	0.01851		JO
2006	0.11	0.12	0.01	0.00243	0.02094		JO
2006	0.12	0.13	0.01	0.00251	0.02345		JO
2006	0.13	0.14	0.01	0.00259	0.02604		JO
2006	0.14	0.15	0.01	0.00268	0.02872		JO
2006	0.15	0.16	0.01	0.00277	0.03149		JO
2006	0.16	0.17	0.01	0.00286	0.03435		JO
2006	0.17	0.18	0.01	0.00293	0.03728		JO
2006	0.18	0.19	0.01	0.00301	0.04029		JO
2006	0.19	0.2	0.01	0.00309	0.04338		JO
2006	0.2	0.21	0.01	0.00318	0.04657		JO
2006	0.21	0.22	0.01	0.00327	0.04984		JO
2006	0.22	0.23	0.01	0.00336	0.0532		JO
2006	0.23	0.24	0.01	0.00344	0.05664		JO
2006	0.24	0.25	0.01	0.00351	0.06015		JO
2006	0.25	0.26	0.01	0.00358	0.06373		JO
2006	0.26	0.27	0.01	0.00365	0.06739		JO
2006	0.27	0.28	0.01	0.00372	0.07111		JO
2006	0.28	0.29	0.01	0.00379	0.0749		JO
2006	0.29	0.3	0.01	0.00385	0.07875		JO
2006	0.3	0.31	0.01	0.00392	0.08267		JO
2006	0.31	0.32	0.01	0.00399	0.08666		JO
2006	0.32	0.33	0.01	0.00407	0.09073		JO
2006	0.33	0.34	0.01	0.00414	0.09487		JO
2006	0.34	0.35	0.01	0.0042	0.09907		JO
2006	0.35	0.36	0.01	0.00427	0.10335		JO
2006	0.36	0.37	0.01	0.00435	0.1077		JO
2006	0.37	0.38	0.01	0.00444	0.11214		JO
2006	0.38	0.39	0.01	0.00452	0.11666		JO
2006	0.39	0.4	0.01	0.0046	0.12125		JO
2006	0.4	0.41	0.01	0.00468	0.12594		JO
2006	0.41	0.42	0.01	0.00477	0.13071		JO
2006	0.42	0.43	0.01	0.00486	0.13557		JO
2006	0.43	0.44	0.01	0.00494	0.14051		JO
2006	0.44	0.45	0.01	0.00503	0.14554		JO
2006	0.45	0.46	0.01	0.00512	0.15066		JO
2006	0.46	0.47	0.01	0.00522	0.15587		JO
2006	0.47	0.48	0.01	0.00531	0.16118		JO
2006	0.48	0.49	0.01	0.0054	0.16658		JO
2006	0.49	0.5	0.01	0.0055	0.17208		JO
2006	0.5	0.51	0.01	0.0056	0.17768		JO
2006	0.51	0.52	0.01	0.0057	0.18338		JO
2006	0.52	0.53	0.01	0.0058	0.18918		JO
2006	0.53	0.54	0.01	0.00591	0.19508		JO
2006	0.54	0.55	0.01	0.00602	0.2011		JO
2006	0.55	0.56	0.01	0.00612	0.20722		JO
2006	0.56	0.57	0.01	0.00623	0.21346		JO
2006	0.57	0.58	0.01	0.00634	0.21979		JO
2006	0.58	0.59	0.01	0.00644	0.22624		JO
2006	0.59	0.6	0.01	0.00655	0.23278		JO
2006	0.6	0.61	0.01	0.00665	0.23943		JO
2006	0.61	0.62	0.01	0.00675	0.24618		JO
2006	0.62	0.63	0.01	0.00685	0.25302		JO
2006	0.63	0.64	0.01	0.00695	0.25998		JO
2006	0.64	0.65	0.01	0.00706	0.26704		JO
2006	0.65	0.66	0.01	0.00717	0.27421		JO
2006	0.66	0.67	0.01	0.0073	0.28151		JO
2006	0.67	0.68	0.01	0.00742	0.28893		JO
2006	0.68	0.69	0.01	0.00756	0.29649		JO
2006	0.69	0.7	0.01	0.00771	0.3042		JO
2006	0.7	0.71	0.01	0.00786	0.31205		JO
2006	0.71	0.72	0.01	0.00802	0.32007		JO
2006	0.72	0.73	0.01	0.00819	0.32826		JO
2006	0.73	0.74	0.01	0.00836	0.33662		JO
2006	0.74	0.75	0.01	0.00855	0.34517		JO
2006	0.75	0.76	0.01	0.00876	0.35393		JO
2006	0.76	0.77	0.01	0.00898	0.36291		JO
2006	0.77	0.78	0.01	0.00922	0.37213		JO
2006	0.78	0.79	0.01	0.0095	0.38163		JO
2006	0.79	0.8	0.01	0.00982	0.39145		JO
2006	0.8	0.81	0.01	0.01018	0.40163		JO
2006	0.81	0.82	0.01	0.01062	0.41225		JO
2006	0.82	0.83	0.01	0.01118	0.42343		JO
2006	0.83	0.84	0.01	0.01188	0.43531		JO
2006	0.84	0.85	0.01	0.01275	0.44806		JO
2006	0.85	0.86	0.01	0.01376	0.46182		JO
2006	0.86	0.87	0.01	0.01491	0.47673		JO
2006	0.87	0.88	0.01	0.01621	0.49294		JO
2006	0.88	0.89	0.01	0.01773	0.51067		JO
2006	0.89	0.9	0.01	0.01944	0.53011		JO
2006	0.9	0.91	0.01	0.02131	0.55142		JO
2006	0.91	0.92	0.01	0.02336	0.57479		JO
2006	0.92	0.93	0.01	0.02577	0.60056		JO
2006	0.93	0.94	0.01	0.02875	0.62931		JO
2006	0.94	0.95	0.01	0.03242	0.66173		JO
2006	0.95	0.96	0.01	0.03648	0.69821		JO
2006	0.96	0.97	0.01	0.04112	0.73933		JO
2006	0.97	0.98	0.01	0.04805	0.78738		JO
2006	0.98	0.99	0.01	0.05982	0.8472		JO
2006	0.99	0.991	0.001	0.00716	0.85436		JO
2006	0.991	0.992	0.001	0.00752	0.86188		JO
2006	0.992	0.993	0.001	0.00795	0.86983		JO
2006	0.993	0.994	0.001	0.00847	0.8783		JO
2006	0.994	0.995	0.001	0.00915	0.88745		JO
2006	0.995	0.996	0.001	0.01006	0.89751		JO
2006	0.996	0.997	0.001	0.01137	0.90888		JO
2006	0.997	0.998	0.001	0.01351	0.92239		JO
2006	0.998	0.999	0.001	0.01792	0.94031		JO
2006	0.999	0.9991	0.0001	0.00227	0.94258		JO
2006	0.9991	0.9992	0.0001	0.00243	0.94501		JO
2006	0.9992	0.9993	0.0001	0.00261	0.94762		JO
2006	0.9993	0.9994	0.0001	0.00284	0.95046		JO
2006	0.9994	0.9995	0.0001	0.00314	0.95359		JO
2006	0.9995	0.9996	0.0001	0.00355	0.95714		JO
2006	0.9996	0.9997	0.0001	0.00414	0.96129		JO
2006	0.9997	0.9998	0.0001	0.00514	0.96642		JO
2006	0.9998	0.9999	0.0001	0.00724	0.97366		JO
2006	0.9999	0.99991	0.00001	0.00096	0.97461		JO
2006	0.99991	0.99992	0.00001	0.00103	0.97564		JO
2006	0.99992	0.99993	0.00001	0.00112	0.97676		JO
2006	0.99993	0.99994	0.00001	0.00123	0.97799		JO
2006	0.99994	0.99995	0.00001	0.00138	0.97937		JO
2006	0.99995	0.99996	0.00001	0.00157	0.98094		JO
2006	0.99996	0.99997	0.00001	0.00186	0.98281		JO
2006	0.99997	0.99998	0.00001	0.00234	0.98514		JO
2006	0.99998	0.99999	0.00001	0.00331	0.98846		JO
2006	0.99999	1	0.00001	0.01154	1		JO
2002	0	0.01	0.01	0.00113	0.00113		JO
2002	0.01	0.02	0.01	0.00154	0.00267		JO
2002	0.02	0.03	0.01	0.00175	0.00442		JO
2002	0.03	0.04	0.01	0.00185	0.00626		JO
2002	0.04	0.05	0.01	0.00192	0.00819		JO
2002	0.05	0.06	0.01	0.00205	0.01023		JO
2002	0.06	0.07	0.01	0.00217	0.01241		JO
2002	0.07	0.08	0.01	0.00229	0.01469		JO
2002	0.08	0.09	0.01	0.00239	0.01708		JO
2002	0.09	0.1	0.01	0.00249	0.01958		JO
2002	0.1	0.11	0.01	0.00258	0.02216		JO
2002	0.11	0.12	0.01	0.00266	0.02482		JO
2002	0.12	0.13	0.01	0.00274	0.02756		JO
2002	0.13	0.14	0.01	0.00281	0.03036		JO
2002	0.14	0.15	0.01	0.00287	0.03323		JO
2002	0.15	0.16	0.01	0.00293	0.03616		JO
2002	0.16	0.17	0.01	0.00299	0.03915		JO
2002	0.17	0.18	0.01	0.00305	0.0422		JO
2002	0.18	0.19	0.01	0.00312	0.04532		JO
2002	0.19	0.2	0.01	0.00319	0.04851		JO
2002	0.2	0.21	0.01	0.00327	0.05179		JO
2002	0.21	0.22	0.01	0.00335	0.05514		JO
2002	0.22	0.23	0.01	0.00343	0.05857		JO
2002	0.23	0.24	0.01	0.00352	0.06209		JO
2002	0.24	0.25	0.01	0.00361	0.0657		JO
2002	0.25	0.26	0.01	0.00369	0.06939		JO
2002	0.26	0.27	0.01	0.00376	0.07315		JO
2002	0.27	0.28	0.01	0.00383	0.07699		JO
2002	0.28	0.29	0.01	0.0039	0.08089		JO
2002	0.29	0.3	0.01	0.00398	0.08487		JO
2002	0.3	0.31	0.01	0.00407	0.08894		JO
2002	0.31	0.32	0.01	0.00414	0.09307		JO
2002	0.32	0.33	0.01	0.0042	0.09728		JO
2002	0.33	0.34	0.01	0.00428	0.10155		JO
2002	0.34	0.35	0.01	0.00436	0.10591		JO
2002	0.35	0.36	0.01	0.00443	0.11034		JO
2002	0.36	0.37	0.01	0.00451	0.11485		JO
2002	0.37	0.38	0.01	0.00458	0.11944		JO
2002	0.38	0.39	0.01	0.00466	0.1241		JO
2002	0.39	0.4	0.01	0.00475	0.12884		JO
2002	0.4	0.41	0.01	0.00484	0.13368		JO
2002	0.41	0.42	0.01	0.00493	0.13861		JO
2002	0.42	0.43	0.01	0.00502	0.14363		JO
2002	0.43	0.44	0.01	0.00511	0.14874		JO
2002	0.44	0.45	0.01	0.00519	0.15393		JO
2002	0.45	0.46	0.01	0.00528	0.15921		JO
2002	0.46	0.47	0.01	0.00535	0.16456		JO
2002	0.47	0.48	0.01	0.00543	0.16999		JO
2002	0.48	0.49	0.01	0.00551	0.1755		JO
2002	0.49	0.5	0.01	0.00559	0.18108		JO
2002	0.5	0.51	0.01	0.00567	0.18675		JO
2002	0.51	0.52	0.01	0.00576	0.19251		JO
2002	0.52	0.53	0.01	0.00585	0.19836		JO
2002	0.53	0.54	0.01	0.00594	0.2043		JO
2002	0.54	0.55	0.01	0.00603	0.21033		JO
2002	0.55	0.56	0.01	0.00613	0.21646		JO
2002	0.56	0.57	0.01	0.00624	0.2227		JO
2002	0.57	0.58	0.01	0.00634	0.22904		JO
2002	0.58	0.59	0.01	0.00646	0.2355		JO
2002	0.59	0.6	0.01	0.00657	0.24208		JO
2002	0.6	0.61	0.01	0.0067	0.24878		JO
2002	0.61	0.62	0.01	0.00683	0.25561		JO
2002	0.62	0.63	0.01	0.00697	0.26258		JO
2002	0.63	0.64	0.01	0.0071	0.26967		JO
2002	0.64	0.65	0.01	0.00722	0.27689		JO
2002	0.65	0.66	0.01	0.00733	0.28422		JO
2002	0.66	0.67	0.01	0.00745	0.29167		JO
2002	0.67	0.68	0.01	0.00757	0.29923		JO
2002	0.68	0.69	0.01	0.0077	0.30693		JO
2002	0.69	0.7	0.01	0.00784	0.31477		JO
2002	0.7	0.71	0.01	0.008	0.32277		JO
2002	0.71	0.72	0.01	0.00816	0.33093		JO
2002	0.72	0.73	0.01	0.00832	0.33926		JO
2002	0.73	0.74	0.01	0.0085	0.34776		JO
2002	0.74	0.75	0.01	0.0087	0.35646		JO
2002	0.75	0.76	0.01	0.00891	0.36538		JO
2002	0.76	0.77	0.01	0.00913	0.3745		JO
2002	0.77	0.78	0.01	0.00934	0.38385		JO
2002	0.78	0.79	0.01	0.00957	0.39342		JO
2002	0.79	0.8	0.01	0.00984	0.40326		JO
2002	0.8	0.81	0.01	0.01019	0.41346		JO
2002	0.81	0.82	0.01	0.01064	0.4241		JO
2002	0.82	0.83	0.01	0.01116	0.43525		JO
2002	0.83	0.84	0.01	0.01174	0.44699		JO
2002	0.84	0.85	0.01	0.0125	0.45949		JO
2002	0.85	0.86	0.01	0.01344	0.47294		JO
2002	0.86	0.87	0.01	0.01456	0.48749		JO
2002	0.87	0.88	0.01	0.01579	0.50328		JO
2002	0.88	0.89	0.01	0.0173	0.52058		JO
2002	0.89	0.9	0.01	0.01912	0.5397		JO
2002	0.9	0.91	0.01	0.02109	0.56079		JO
2002	0.91	0.92	0.01	0.02307	0.58386		JO
2002	0.92	0.93	0.01	0.02522	0.60908		JO
2002	0.93	0.94	0.01	0.02786	0.63694		JO
2002	0.94	0.95	0.01	0.03113	0.66808		JO
2002	0.95	0.96	0.01	0.035	0.70308		JO
2002	0.96	0.97	0.01	0.04027	0.74334		JO
2002	0.97	0.98	0.01	0.04958	0.79293		JO
2002	0.98	0.99	0.01	0.06131	0.85423		JO
2002	0.99	0.991	0.001	0.00684	0.86107		JO
2002	0.991	0.992	0.001	0.00707	0.86814		JO
2002	0.992	0.993	0.001	0.00735	0.87549		JO
2002	0.993	0.994	0.001	0.00771	0.8832		JO
2002	0.994	0.995	0.001	0.00819	0.89139		JO
2002	0.995	0.996	0.001	0.00883	0.90022		JO
2002	0.996	0.997	0.001	0.0098	0.91002		JO
2002	0.997	0.998	0.001	0.01142	0.92144		JO
2002	0.998	0.999	0.001	0.01495	0.93639		JO
2002	0.999	0.9991	0.0001	0.0019	0.93829		JO
2002	0.9991	0.9992	0.0001	0.00203	0.94031		JO
2002	0.9992	0.9993	0.0001	0.00219	0.9425		JO
2002	0.9993	0.9994	0.0001	0.00239	0.94489		JO
2002	0.9994	0.9995	0.0001	0.00266	0.94755		JO
2002	0.9995	0.9996	0.0001	0.00303	0.95058		JO
2002	0.9996	0.9997	0.0001	0.0036	0.95418		JO
2002	0.9997	0.9998	0.0001	0.00455	0.95873		JO
2002	0.9998	0.9999	0.0001	0.00667	0.9654		JO
2002	0.9999	0.99991	0.00001	0.00091	0.96631		JO
2002	0.99991	0.99992	0.00001	0.00099	0.9673		JO
2002	0.99992	0.99993	0.00001	0.00108	0.96838		JO
2002	0.99993	0.99994	0.00001	0.00121	0.96959		JO
2002	0.99994	0.99995	0.00001	0.00137	0.97096		JO
2002	0.99995	0.99996	0.00001	0.00159	0.97255		JO
2002	0.99996	0.99997	0.00001	0.00193	0.97448		JO
2002	0.99997	0.99998	0.00001	0.0025	0.97698		JO
2002	0.99998	0.99999	0.00001	0.00372	0.9807		JO
2002	0.99999	1	0.00001	0.0193	1		JO
1992	0	0.01	0.01	0.0003	0.0003		JO
1992	0.01	0.02	0.01	0.00088	0.00118		JO
1992	0.02	0.03	0.01	0.00111	0.00229		JO
1992	0.03	0.04	0.01	0.00133	0.00361		JO
1992	0.04	0.05	0.01	0.00154	0.00515		JO
1992	0.05	0.06	0.01	0.00171	0.00686		JO
1992	0.06	0.07	0.01	0.00183	0.00869		JO
1992	0.07	0.08	0.01	0.00192	0.01061		JO
1992	0.08	0.09	0.01	0.00199	0.0126		JO
1992	0.09	0.1	0.01	0.00204	0.01464		JO
1992	0.1	0.11	0.01	0.00211	0.01675		JO
1992	0.11	0.12	0.01	0.00218	0.01893		JO
1992	0.12	0.13	0.01	0.00226	0.02119		JO
1992	0.13	0.14	0.01	0.00236	0.02355		JO
1992	0.14	0.15	0.01	0.00246	0.026		JO
1992	0.15	0.16	0.01	0.00255	0.02855		JO
1992	0.16	0.17	0.01	0.00263	0.03118		JO
1992	0.17	0.18	0.01	0.0027	0.03387		JO
1992	0.18	0.19	0.01	0.00275	0.03663		JO
1992	0.19	0.2	0.01	0.0028	0.03943		JO
1992	0.2	0.21	0.01	0.00285	0.04229		JO
1992	0.21	0.22	0.01	0.0029	0.04519		JO
1992	0.22	0.23	0.01	0.00296	0.04815		JO
1992	0.23	0.24	0.01	0.00301	0.05116		JO
1992	0.24	0.25	0.01	0.00307	0.05423		JO
1992	0.25	0.26	0.01	0.00314	0.05737		JO
1992	0.26	0.27	0.01	0.00321	0.06058		JO
1992	0.27	0.28	0.01	0.00328	0.06387		JO
1992	0.28	0.29	0.01	0.00336	0.06723		JO
1992	0.29	0.3	0.01	0.00343	0.07066		JO
1992	0.3	0.31	0.01	0.00351	0.07416		JO
1992	0.31	0.32	0.01	0.00358	0.07774		JO
1992	0.32	0.33	0.01	0.00364	0.08138		JO
1992	0.33	0.34	0.01	0.00371	0.08509		JO
1992	0.34	0.35	0.01	0.00378	0.08887		JO
1992	0.35	0.36	0.01	0.00385	0.09272		JO
1992	0.36	0.37	0.01	0.00392	0.09665		JO
1992	0.37	0.38	0.01	0.004	0.10064		JO
1992	0.38	0.39	0.01	0.00407	0.10472		JO
1992	0.39	0.4	0.01	0.00415	0.10887		JO
1992	0.4	0.41	0.01	0.00423	0.1131		JO
1992	0.41	0.42	0.01	0.00431	0.11741		JO
1992	0.42	0.43	0.01	0.00439	0.1218		JO
1992	0.43	0.44	0.01	0.00447	0.12628		JO
1992	0.44	0.45	0.01	0.00455	0.13083		JO
1992	0.45	0.46	0.01	0.00464	0.13547		JO
1992	0.46	0.47	0.01	0.00472	0.14019		JO
1992	0.47	0.48	0.01	0.00481	0.145		JO
1992	0.48	0.49	0.01	0.00489	0.14989		JO
1992	0.49	0.5	0.01	0.00499	0.15488		JO
1992	0.5	0.51	0.01	0.00508	0.15995		JO
1992	0.51	0.52	0.01	0.00517	0.16513		JO
1992	0.52	0.53	0.01	0.00527	0.17039		JO
1992	0.53	0.54	0.01	0.00536	0.17576		JO
1992	0.54	0.55	0.01	0.00546	0.18122		JO
1992	0.55	0.56	0.01	0.00556	0.18678		JO
1992	0.56	0.57	0.01	0.00567	0.19245		JO
1992	0.57	0.58	0.01	0.00577	0.19822		JO
1992	0.58	0.59	0.01	0.00588	0.2041		JO
1992	0.59	0.6	0.01	0.00599	0.2101		JO
1992	0.6	0.61	0.01	0.00611	0.21621		JO
1992	0.61	0.62	0.01	0.00623	0.22243		JO
1992	0.62	0.63	0.01	0.00635	0.22879		JO
1992	0.63	0.64	0.01	0.00648	0.23526		JO
1992	0.64	0.65	0.01	0.00661	0.24187		JO
1992	0.65	0.66	0.01	0.00674	0.24861		JO
1992	0.66	0.67	0.01	0.00687	0.25548		JO
1992	0.67	0.68	0.01	0.007	0.26248		JO
1992	0.68	0.69	0.01	0.00714	0.26961		JO
1992	0.69	0.7	0.01	0.00727	0.27688		JO
1992	0.7	0.71	0.01	0.00741	0.28429		JO
1992	0.71	0.72	0.01	0.00755	0.29184		JO
1992	0.72	0.73	0.01	0.0077	0.29955		JO
1992	0.73	0.74	0.01	0.00786	0.30741		JO
1992	0.74	0.75	0.01	0.00803	0.31543		JO
1992	0.75	0.76	0.01	0.0082	0.32363		JO
1992	0.76	0.77	0.01	0.00838	0.33201		JO
1992	0.77	0.78	0.01	0.00858	0.34059		JO
1992	0.78	0.79	0.01	0.00879	0.34938		JO
1992	0.79	0.8	0.01	0.00905	0.35843		JO
1992	0.8	0.81	0.01	0.00937	0.36781		JO
1992	0.81	0.82	0.01	0.00978	0.37758		JO
1992	0.82	0.83	0.01	0.01029	0.38787		JO
1992	0.83	0.84	0.01	0.01089	0.39876		JO
1992	0.84	0.85	0.01	0.0116	0.41036		JO
1992	0.85	0.86	0.01	0.01245	0.42282		JO
1992	0.86	0.87	0.01	0.01352	0.43633		JO
1992	0.87	0.88	0.01	0.01478	0.45111		JO
1992	0.88	0.89	0.01	0.01625	0.46736		JO
1992	0.89	0.9	0.01	0.0179	0.48526		JO
1992	0.9	0.91	0.01	0.01975	0.50501		JO
1992	0.91	0.92	0.01	0.02183	0.52684		JO
1992	0.92	0.93	0.01	0.02422	0.55106		JO
1992	0.93	0.94	0.01	0.02703	0.57808		JO
1992	0.94	0.95	0.01	0.03043	0.60851		JO
1992	0.95	0.96	0.01	0.03472	0.64324		JO
1992	0.96	0.97	0.01	0.04048	0.68372		JO
1992	0.97	0.98	0.01	0.04901	0.73272		JO
1992	0.98	0.99	0.01	0.06454	0.79726		JO
1992	0.99	1	0.01	0.20274	1		JO
