year	low	high	width	share	cumul	# sptinc992i	country
2016	0	0.9	0.9	0.5668	0.5668		KR
2016	0.9	0.95	0.05	0.1405	0.7073		KR
2016	0.95	0.99	0.04	0.1711	0.8784		KR
2016	0.99	0.995	0.005	0.034	0.9124		KR
2016	0.995	0.999	0.004	0.0446	0.957		KR
2016	0.999	0.9995	0.0005	0.0112	0.9682		KR
2016	0.9995	0.9999	0.0004	0.0159	0.9841		KR
2016	0.9999	1	0.0001	0.0159	1		KR
2015	0	0.9	0.9	0.5687	0.5687		KR
2015	0.9	0.95	0.05	0.1395	0.7082		KR
2015	0.95	0.99	0.04	0.171	0.8792		KR
2015	0.99	0.995	0.005	0.0338	0.913		KR
2015	0.995	0.999	0.004	0.0439	0.9569		KR
2015	0.999	0.9995	0.0005	0.011	0.9679		KR
2015	0.9995	0.9999	0.0004	0.0156	0.9835		KR
2015	0.9999	1	0.0001	0.0165	1		KR
2014	0	0.9	0.9	0.5731	0.5731		KR
2014	0.9	0.95	0.05	0.1386	0.7117		KR
2014	0.95	0.99	0.04	0.1705	0.8822		KR
2014	0.99	0.995	0.005	0.0335	0.9157		KR
2014	0.995	0.999	0.004	0.043	0.9587		KR
2014	0.999	0.9995	0.0005	0.0107	0.9694		KR
2014	0.9995	0.9999	0.0004	0.0152	0.9846		KR
2014	0.9999	1	0.0001	0.0154	1		KR
2013	0	0.9	0.9	0.5745	0.5745		KR
2013	0.9	0.95	0.05	0.139	0.7135		KR
2013	0.95	0.99	0.04	0.1702	0.8837		KR
2013	0.99	0.995	0.005	0.0333	0.917		KR
2013	0.995	0.999	0.004	0.0422	0.9592		KR
2013	0.999	0.9995	0.0005	0.0104	0.9696		KR
2013	0.9995	0.9999	0.0004	0.015	0.9846		KR
2013	0.9999	1	0.0001	0.0154	1		KR
2012	0	0.9	0.9	0.5726	0.5726		KR
2012	0.9	0.95	0.05	0.1389	0.7115		KR
2012	0.95	0.99	0.04	0.1711	0.8826		KR
2012	0.99	0.995	0.005	0.0335	0.9161		KR
2012	0.995	0.999	0.004	0.0421	0.9582		KR
2012	0.999	0.9995	0.0005	0.0105	0.9687		KR
2012	0.9995	0.9999	0.0004	0.0153	0.984		KR
2012	0.9999	1	0.0001	0.016	1		KR
2011	0	0.9	0.9	0.5687	0.5687		KR
2011	0.9	0.95	0.05	0.1388	0.7075		KR
2011	0.95	0.99	0.04	0.1723	0.8798		KR
2011	0.99	0.995	0.005	0.034	0.9138		KR
2011	0.995	0.999	0.004	0.0428	0.9566		KR
2011	0.999	0.9995	0.0005	0.0108	0.9674		KR
2011	0.9995	0.9999	0.0004	0.016	0.9834		KR
2011	0.9999	1	0.0001	0.0166	1		KR
2010	0	0.9	0.9	0.5697	0.5697		KR
2010	0.9	0.95	0.05	0.1396	0.7093		KR
2010	0.95	0.99	0.04	0.1733	0.8826		KR
2010	0.99	0.995	0.005	0.0339	0.9165		KR
2010	0.995	0.999	0.004	0.0418	0.9583		KR
2010	0.999	0.9995	0.0005	0.0102	0.9685		KR
2010	0.9995	0.9999	0.0004	0.0149	0.9834		KR
2010	0.9999	1	0.0001	0.0166	1		KR
2009	0	0.9	0.9	0.5753	0.5753		KR
2009	0.9	0.95	0.05	0.1395	0.7148		KR
2009	0.95	0.99	0.04	0.1721	0.8869		KR
2009	0.99	0.995	0.005	0.033	0.9199		KR
2009	0.995	0.999	0.004	0.0405	0.9604		KR
2009	0.999	0.9995	0.0005	0.0097	0.9701		KR
2009	0.9995	0.9999	0.0004	0.0142	0.9843		KR
2009	0.9999	1	0.0001	0.0157	1		KR
2008	0	0.9	0.9	0.5713	0.5713		KR
2008	0.9	0.95	0.05	0.1408	0.7121		KR
2008	0.95	0.99	0.04	0.1741	0.8862		KR
2008	0.99	0.995	0.005	0.0334	0.9196		KR
2008	0.995	0.999	0.004	0.0404	0.96		KR
2008	0.999	0.9995	0.0005	0.0097	0.9697		KR
2008	0.9995	0.9999	0.0004	0.0145	0.9842		KR
2008	0.9999	1	0.0001	0.0158	1		KR
2007	0	0.9	0.9	0.5765	0.5765		KR
2007	0.9	0.95	0.05	0.1389	0.7154		KR
2007	0.95	0.99	0.04	0.1717	0.8871		KR
2007	0.99	0.995	0.005	0.0331	0.9202		KR
2007	0.995	0.999	0.004	0.0399	0.9601		KR
2007	0.999	0.9995	0.0005	0.0095	0.9696		KR
2007	0.9995	0.9999	0.0004	0.0144	0.984		KR
2007	0.9999	1	0.0001	0.016	1		KR
2006	0	0.9	0.9	0.5817	0.5817		KR
2006	0.9	0.95	0.05	0.1376	0.7193		KR
2006	0.95	0.99	0.04	0.1743	0.8936		KR
2006	0.99	0.995	0.005	0.0326	0.9262		KR
2006	0.995	0.999	0.004	0.0379	0.9641		KR
2006	0.999	0.9995	0.0005	0.0088	0.9729		KR
2006	0.9995	0.9999	0.0004	0.0129	0.9858		KR
2006	0.9999	1	0.0001	0.0142	1		KR
2005	0	0.9	0.9	0.629	0.629		KR
2005	0.9	0.95	0.05	0.1198	0.7488		KR
2005	0.95	0.99	0.04	0.1552	0.904		KR
2005	0.99	0.995	0.005	0.0291	0.9331		KR
2005	0.995	0.999	0.004	0.0343	0.9674		KR
2005	0.999	0.9995	0.0005	0.0081	0.9755		KR
2005	0.9995	0.9999	0.0004	0.0116	0.9871		KR
2005	0.9999	1	0.0001	0.0129	1		KR
2004	0	0.9	0.9	0.6144	0.6144		KR
2004	0.9	0.95	0.05	0.1313	0.7457		KR
2004	0.95	0.99	0.04	0.159	0.9047		KR
2004	0.99	0.995	0.005	0.0301	0.9348		KR
2004	0.995	0.999	0.004	0.0346	0.9694		KR
2004	0.999	0.9995	0.0005	0.0075	0.9769		KR
2004	0.9995	0.9999	0.0004	0.0109	0.9878		KR
2004	0.9999	1	0.0001	0.0122	1		KR
2003	0	0.9	0.9	0.6161	0.6161		KR
2003	0.9	0.95	0.05	0.1375	0.7536		KR
2003	0.95	0.99	0.04	0.155	0.9086		KR
2003	0.99	0.995	0.005	0.0288	0.9374		KR
2003	0.995	0.999	0.004	0.0345	0.9719		KR
2003	0.999	0.9995	0.0005	0.0071	0.979		KR
2003	0.9995	0.9999	0.0004	0.0101	0.9891		KR
2003	0.9999	1	0.0001	0.0109	1		KR
2002	0	0.9	0.9	0.6225	0.6225		KR
2002	0.9	0.95	0.05	0.1361	0.7586		KR
2002	0.95	0.99	0.04	0.1506	0.9092		KR
2002	0.99	0.995	0.005	0.0291	0.9383		KR
2002	0.995	0.999	0.004	0.0343	0.9726		KR
2002	0.999	0.9995	0.0005	0.0071	0.9797		KR
2002	0.9995	0.9999	0.0004	0.0098	0.9895		KR
2002	0.9999	1	0.0001	0.0105	1		KR
2001	0	0.9	0.9	0.632	0.632		KR
2001	0.9	0.95	0.05	0.1373	0.7693		KR
2001	0.95	0.99	0.04	0.1443	0.9136		KR
2001	0.99	0.995	0.005	0.0286	0.9422		KR
2001	0.995	0.999	0.004	0.0322	0.9744		KR
2001	0.999	0.9995	0.0005	0.007	0.9814		KR
2001	0.9995	0.9999	0.0004	0.0091	0.9905		KR
2001	0.9999	1	0.0001	0.0095	1		KR
2000	0	0.9	0.9	0.6404	0.6404		KR
2000	0.9	0.95	0.05	0.1386	0.779		KR
2000	0.95	0.99	0.04	0.1381	0.9171		KR
2000	0.99	0.995	0.005	0.0284	0.9455		KR
2000	0.995	0.999	0.004	0.0311	0.9766		KR
2000	0.999	0.9995	0.0005	0.0068	0.9834		KR
2000	0.9995	0.9999	0.0004	0.0083	0.9917		KR
2000	0.9999	1	0.0001	0.0083	1		KR
1999	0	0.9	0.9	0.6485	0.6485		KR
1999	0.9	0.95	0.05	0.1407	0.7892		KR
1999	0.95	0.99	0.04	0.1325	0.9217		KR
1999	0.99	0.995	0.005	0.0269	0.9486		KR
1999	0.995	0.999	0.004	0.03	0.9786		KR
1999	0.999	0.9995	0.0005	0.0064	0.985		KR
1999	0.9995	0.9999	0.0004	0.0077	0.9927		KR
1999	0.9999	1	0.0001	0.0073	1		KR
1998	0	0.9	0.9	0.6618	0.6618		KR
1998	0.9	0.95	0.05	0.1371	0.7989		KR
1998	0.95	0.99	0.04	0.1303	0.9292		KR
1998	0.99	0.995	0.005	0.0252	0.9544		KR
1998	0.995	0.999	0.004	0.0274	0.9818		KR
1998	0.999	0.9995	0.0005	0.0056	0.9874		KR
1998	0.9995	0.9999	0.0004	0.0069	0.9943		KR
1998	0.9999	1	0.0001	0.0057	1		KR
1997	0	0.9	0.9	0.6432	0.6432		KR
1997	0.9	0.95	0.05	0.1399	0.7831		KR
1997	0.95	0.99	0.04	0.1366	0.9197		KR
1997	0.99	0.995	0.005	0.0283	0.948		KR
1997	0.995	0.999	0.004	0.0299	0.9779		KR
1997	0.999	0.9995	0.0005	0.0066	0.9845		KR
1997	0.9995	0.9999	0.0004	0.008	0.9925		KR
1997	0.9999	1	0.0001	0.0075	1		KR
1996	0	0.9	0.9	0.6497	0.6497		KR
1996	0.9	0.95	0.05	0.1381	0.7878		KR
1996	0.95	0.99	0.04	0.1341	0.9219		KR
1996	0.99	0.995	0.005	0.0271	0.949		KR
1996	0.995	0.999	0.004	0.0295	0.9785		KR
1996	0.999	0.9995	0.0005	0.0063	0.9848		KR
1996	0.9995	0.9999	0.0004	0.0078	0.9926		KR
1996	0.9999	1	0.0001	0.0074	1		KR
1995	0	0.9	0.9	0.6817	0.6817		KR
1995	0.9	0.95	0.05	0.1127	0.7944		KR
1995	0.95	0.99	0.04	0.1332	0.9276		KR
1995	0.99	0.995	0.005	0.025	0.9526		KR
1995	0.995	0.999	0.004	0.0275	0.9801		KR
1995	0.999	0.9995	0.0005	0.0058	0.9859		KR
1995	0.9995	0.9999	0.0004	0.0075	0.9934		KR
1995	0.9999	1	0.0001	0.0066	1		KR
1985	0	0.9	0.9	0.7076	0.7076		KR
1985	0.9	0.95	0.05	0.0984	0.806		KR
1985	0.95	0.99	0.04	0.1225	0.9285		KR
1985	0.99	0.995	0.005	0.0245	0.953		KR
1985	0.995	0.999	0.004	0.0285	0.9815		KR
1985	0.999	0.9995	0.0005	0.0058	0.9873		KR
1985	0.9995	0.9999	0.0004	0.007	0.9943		KR
1985	0.9999	1	0.0001	0.0057	1		KR
1984	0	0.9	0.9	0.7011	0.7011		KR
1984	0.9	0.95	0.05	0.1013	0.8024		KR
1984	0.95	0.99	0.04	0.124	0.9264		KR
1984	0.99	0.995	0.005	0.0252	0.9516		KR
1984	0.995	0.999	0.004	0.0298	0.9814		KR
1984	0.999	0.9995	0.0005	0.0059	0.9873		KR
1984	0.9995	0.9999	0.0004	0.007	0.9943		KR
1984	0.9999	1	0.0001	0.0057	1		KR
1983	0	0.9	0.9	0.698	0.698		KR
1983	0.9	0.95	0.05	0.0976	0.7956		KR
1983	0.95	0.99	0.04	0.1297	0.9253		KR
1983	0.99	0.995	0.005	0.026	0.9513		KR
1983	0.995	0.999	0.004	0.0303	0.9816		KR
1983	0.999	0.9995	0.0005	0.0061	0.9877		KR
1983	0.9995	0.9999	0.0004	0.0073	0.995		KR
1983	0.9999	1	0.0001	0.005	1		KR
1982	0	0.9	0.9	0.7012	0.7012		KR
1982	0.9	0.95	0.05	0.0983	0.7995		KR
1982	0.95	0.99	0.04	0.1278	0.9273		KR
1982	0.99	0.995	0.005	0.0253	0.9526		KR
1982	0.995	0.999	0.004	0.0295	0.9821		KR
1982	0.999	0.9995	0.0005	0.0058	0.9879		KR
1982	0.9995	0.9999	0.0004	0.0069	0.9948		KR
1982	0.9999	1	0.0001	0.0052	1		KR
1981	0	0.9	0.9	0.7069	0.7069		KR
1981	0.9	0.95	0.05	0.1006	0.8075		KR
1981	0.95	0.99	0.04	0.121	0.9285		KR
1981	0.99	0.995	0.005	0.0245	0.953		KR
1981	0.995	0.999	0.004	0.0282	0.9812		KR
1981	0.999	0.9995	0.0005	0.0059	0.9871		KR
1981	0.9995	0.9999	0.0004	0.007	0.9941		KR
1981	0.9999	1	0.0001	0.0059	1		KR
1980	0	0.9	0.9	0.7082	0.7082		KR
1980	0.9	0.95	0.05	0.0945	0.8027		KR
1980	0.95	0.99	0.04	0.1229	0.9256		KR
1980	0.99	0.995	0.005	0.0252	0.9508		KR
1980	0.995	0.999	0.004	0.0293	0.9801		KR
1980	0.999	0.9995	0.0005	0.0057	0.9858		KR
1980	0.9995	0.9999	0.0004	0.0069	0.9927		KR
1980	0.9999	1	0.0001	0.0073	1		KR
1979	0	0.9	0.9	0.7192	0.7192		KR
1979	0.9	0.95	0.05	0.0947	0.8139		KR
1979	0.95	0.99	0.04	0.1146	0.9285		KR
1979	0.99	0.995	0.005	0.0238	0.9523		KR
1979	0.995	0.999	0.004	0.0273	0.9796		KR
1979	0.999	0.9995	0.0005	0.0057	0.9853		KR
1979	0.9995	0.9999	0.0004	0.0069	0.9922		KR
1979	0.9999	1	0.0001	0.0078	1		KR
1978	0	0.9	0.9	0.7118	0.7118		KR
1978	0.9	0.95	0.05	0.1037	0.8155		KR
1978	0.95	0.99	0.04	0.1104	0.9259		KR
1978	0.99	0.995	0.005	0.0237	0.9496		KR
1978	0.995	0.999	0.004	0.0285	0.9781		KR
1978	0.999	0.9995	0.0005	0.006	0.9841		KR
1978	0.9995	0.9999	0.0004	0.0075	0.9916		KR
1978	0.9999	1	0.0001	0.0084	1		KR
1977	0	0.9	0.9	0.7402	0.7402		KR
1977	0.9	0.95	0.05	0.094	0.8342		KR
1977	0.95	0.99	0.04	0.094	0.9282		KR
1977	0.99	0.995	0.005	0.0218	0.95		KR
1977	0.995	0.999	0.004	0.0268	0.9768		KR
1977	0.999	0.9995	0.0005	0.0061	0.9829		KR
1977	0.9995	0.9999	0.0004	0.0079	0.9908		KR
1977	0.9999	1	0.0001	0.0092	1		KR
1976	0	0.9	0.9	0.7432	0.7432		KR
1976	0.9	0.95	0.05	0.0951	0.8383		KR
1976	0.95	0.99	0.04	0.091	0.9293		KR
1976	0.99	0.995	0.005	0.0213	0.9506		KR
1976	0.995	0.999	0.004	0.0271	0.9777		KR
1976	0.999	0.9995	0.0005	0.0058	0.9835		KR
1976	0.9995	0.9999	0.0004	0.0077	0.9912		KR
1976	0.9999	1	0.0001	0.0088	1		KR
