year	low	high	width	share	cumul	# sptinc992j	country
2013	0	0.01	0.01	0.00032	0.00032		KW
2013	0.01	0.02	0.01	0.00111	0.00143		KW
2013	0.02	0.03	0.01	0.00143	0.00286		KW
2013	0.03	0.04	0.01	0.00155	0.00441		KW
2013	0.04	0.05	0.01	0.00161	0.00601		KW
2013	0.05	0.06	0.01	0.00165	0.00767		KW
2013	0.06	0.07	0.01	0.00169	0.00936		KW
2013	0.07	0.08	0.01	0.00173	0.01109		KW
2013	0.08	0.09	0.01	0.00177	0.01286		KW
2013	0.09	0.1	0.01	0.00181	0.01467		KW
2013	0.1	0.11	0.01	0.00184	0.01652		KW
2013	0.11	0.12	0.01	0.00188	0.0184		KW
2013	0.12	0.13	0.01	0.00191	0.02031		KW
2013	0.13	0.14	0.01	0.00196	0.02227		KW
2013	0.14	0.15	0.01	0.00201	0.02427		KW
2013	0.15	0.16	0.01	0.00208	0.02635		KW
2013	0.16	0.17	0.01	0.00217	0.02852		KW
2013	0.17	0.18	0.01	0.00228	0.0308		KW
2013	0.18	0.19	0.01	0.00239	0.0332		KW
2013	0.19	0.2	0.01	0.00251	0.03571		KW
2013	0.2	0.21	0.01	0.00263	0.03834		KW
2013	0.21	0.22	0.01	0.00272	0.04106		KW
2013	0.22	0.23	0.01	0.00279	0.04385		KW
2013	0.23	0.24	0.01	0.00283	0.04668		KW
2013	0.24	0.25	0.01	0.00287	0.04955		KW
2013	0.25	0.26	0.01	0.0029	0.05246		KW
2013	0.26	0.27	0.01	0.00294	0.05539		KW
2013	0.27	0.28	0.01	0.00296	0.05836		KW
2013	0.28	0.29	0.01	0.00299	0.06135		KW
2013	0.29	0.3	0.01	0.00301	0.06436		KW
2013	0.3	0.31	0.01	0.00304	0.0674		KW
2013	0.31	0.32	0.01	0.00307	0.07047		KW
2013	0.32	0.33	0.01	0.00309	0.07356		KW
2013	0.33	0.34	0.01	0.00312	0.07668		KW
2013	0.34	0.35	0.01	0.00314	0.07982		KW
2013	0.35	0.36	0.01	0.00317	0.08299		KW
2013	0.36	0.37	0.01	0.0032	0.08619		KW
2013	0.37	0.38	0.01	0.00324	0.08943		KW
2013	0.38	0.39	0.01	0.00328	0.09272		KW
2013	0.39	0.4	0.01	0.00332	0.09604		KW
2013	0.4	0.41	0.01	0.00337	0.0994		KW
2013	0.41	0.42	0.01	0.00341	0.10281		KW
2013	0.42	0.43	0.01	0.00345	0.10626		KW
2013	0.43	0.44	0.01	0.00349	0.10975		KW
2013	0.44	0.45	0.01	0.00353	0.11328		KW
2013	0.45	0.46	0.01	0.00357	0.11686		KW
2013	0.46	0.47	0.01	0.00361	0.12047		KW
2013	0.47	0.48	0.01	0.00366	0.12412		KW
2013	0.48	0.49	0.01	0.0037	0.12782		KW
2013	0.49	0.5	0.01	0.00374	0.13156		KW
2013	0.5	0.51	0.01	0.00379	0.13535		KW
2013	0.51	0.52	0.01	0.00384	0.13919		KW
2013	0.52	0.53	0.01	0.0039	0.14309		KW
2013	0.53	0.54	0.01	0.00395	0.14704		KW
2013	0.54	0.55	0.01	0.00401	0.15105		KW
2013	0.55	0.56	0.01	0.00407	0.15512		KW
2013	0.56	0.57	0.01	0.00413	0.15924		KW
2013	0.57	0.58	0.01	0.00419	0.16343		KW
2013	0.58	0.59	0.01	0.00427	0.1677		KW
2013	0.59	0.6	0.01	0.00434	0.17204		KW
2013	0.6	0.61	0.01	0.00442	0.17646		KW
2013	0.61	0.62	0.01	0.00451	0.18097		KW
2013	0.62	0.63	0.01	0.0046	0.18557		KW
2013	0.63	0.64	0.01	0.00471	0.19027		KW
2013	0.64	0.65	0.01	0.00483	0.1951		KW
2013	0.65	0.66	0.01	0.00497	0.20007		KW
2013	0.66	0.67	0.01	0.00512	0.20519		KW
2013	0.67	0.68	0.01	0.00531	0.21049		KW
2013	0.68	0.69	0.01	0.00553	0.21602		KW
2013	0.69	0.7	0.01	0.00577	0.22179		KW
2013	0.7	0.71	0.01	0.00605	0.22785		KW
2013	0.71	0.72	0.01	0.00637	0.23422		KW
2013	0.72	0.73	0.01	0.00672	0.24094		KW
2013	0.73	0.74	0.01	0.00709	0.24803		KW
2013	0.74	0.75	0.01	0.00751	0.25555		KW
2013	0.75	0.76	0.01	0.00803	0.26357		KW
2013	0.76	0.77	0.01	0.00869	0.27226		KW
2013	0.77	0.78	0.01	0.00949	0.28175		KW
2013	0.78	0.79	0.01	0.01022	0.29197		KW
2013	0.79	0.8	0.01	0.01081	0.30279		KW
2013	0.8	0.81	0.01	0.01132	0.3141		KW
2013	0.81	0.82	0.01	0.01181	0.32592		KW
2013	0.82	0.83	0.01	0.01234	0.33826		KW
2013	0.83	0.84	0.01	0.01296	0.35122		KW
2013	0.84	0.85	0.01	0.01377	0.36498		KW
2013	0.85	0.86	0.01	0.01497	0.37995		KW
2013	0.86	0.87	0.01	0.01664	0.3966		KW
2013	0.87	0.88	0.01	0.01836	0.41495		KW
2013	0.88	0.89	0.01	0.02025	0.4352		KW
2013	0.89	0.9	0.01	0.02246	0.45766		KW
2013	0.9	0.91	0.01	0.02493	0.48259		KW
2013	0.91	0.92	0.01	0.02741	0.50999		KW
2013	0.92	0.93	0.01	0.03017	0.54017		KW
2013	0.93	0.94	0.01	0.03351	0.57368		KW
2013	0.94	0.95	0.01	0.03728	0.61097		KW
2013	0.95	0.96	0.01	0.04161	0.65258		KW
2013	0.96	0.97	0.01	0.04707	0.69965		KW
2013	0.97	0.98	0.01	0.05489	0.75454		KW
2013	0.98	0.99	0.01	0.06856	0.82309		KW
2013	0.99	0.991	0.001	0.00818	0.83127		KW
2013	0.991	0.992	0.001	0.00855	0.83982		KW
2013	0.992	0.993	0.001	0.00902	0.84884		KW
2013	0.993	0.994	0.001	0.00958	0.85842		KW
2013	0.994	0.995	0.001	0.01031	0.86873		KW
2013	0.995	0.996	0.001	0.01129	0.88001		KW
2013	0.996	0.997	0.001	0.01272	0.89273		KW
2013	0.997	0.998	0.001	0.01508	0.90782		KW
2013	0.998	0.999	0.001	0.02001	0.92783		KW
2013	0.999	0.9991	0.0001	0.00254	0.93037		KW
2013	0.9991	0.9992	0.0001	0.00271	0.93307		KW
2013	0.9992	0.9993	0.0001	0.00292	0.93599		KW
2013	0.9993	0.9994	0.0001	0.00317	0.93916		KW
2013	0.9994	0.9995	0.0001	0.0035	0.94266		KW
2013	0.9995	0.9996	0.0001	0.00396	0.94662		KW
2013	0.9996	0.9997	0.0001	0.00465	0.95127		KW
2013	0.9997	0.9998	0.0001	0.00579	0.95706		KW
2013	0.9998	0.9999	0.0001	0.00825	0.96531		KW
2013	0.9999	0.99991	0.00001	0.0011	0.9664		KW
2013	0.99991	0.99992	0.00001	0.00118	0.96758		KW
2013	0.99992	0.99993	0.00001	0.00128	0.96887		KW
2013	0.99993	0.99994	0.00001	0.00141	0.97028		KW
2013	0.99994	0.99995	0.00001	0.00158	0.97186		KW
2013	0.99995	0.99996	0.00001	0.00181	0.97367		KW
2013	0.99996	0.99997	0.00001	0.00214	0.97581		KW
2013	0.99997	0.99998	0.00001	0.0027	0.97851		KW
2013	0.99998	0.99999	0.00001	0.00387	0.98238		KW
2013	0.99999	1	0.00001	0.01762	1		KW
2007	0	0.01	0.01	0.00023	0.00023		KW
2007	0.01	0.02	0.01	0.0008	0.00103		KW
2007	0.02	0.03	0.01	0.00099	0.00202		KW
2007	0.03	0.04	0.01	0.00115	0.00318		KW
2007	0.04	0.05	0.01	0.0013	0.00447		KW
2007	0.05	0.06	0.01	0.00142	0.0059		KW
2007	0.06	0.07	0.01	0.00155	0.00744		KW
2007	0.07	0.08	0.01	0.00166	0.0091		KW
2007	0.08	0.09	0.01	0.00176	0.01086		KW
2007	0.09	0.1	0.01	0.00184	0.0127		KW
2007	0.1	0.11	0.01	0.0019	0.0146		KW
2007	0.11	0.12	0.01	0.00195	0.01655		KW
2007	0.12	0.13	0.01	0.00199	0.01854		KW
2007	0.13	0.14	0.01	0.00203	0.02057		KW
2007	0.14	0.15	0.01	0.00206	0.02263		KW
2007	0.15	0.16	0.01	0.00211	0.02474		KW
2007	0.16	0.17	0.01	0.00215	0.02688		KW
2007	0.17	0.18	0.01	0.00219	0.02907		KW
2007	0.18	0.19	0.01	0.00224	0.03131		KW
2007	0.19	0.2	0.01	0.00229	0.03359		KW
2007	0.2	0.21	0.01	0.00234	0.03593		KW
2007	0.21	0.22	0.01	0.0024	0.03833		KW
2007	0.22	0.23	0.01	0.00245	0.04078		KW
2007	0.23	0.24	0.01	0.00251	0.0433		KW
2007	0.24	0.25	0.01	0.00257	0.04587		KW
2007	0.25	0.26	0.01	0.00263	0.0485		KW
2007	0.26	0.27	0.01	0.00269	0.05119		KW
2007	0.27	0.28	0.01	0.00275	0.05394		KW
2007	0.28	0.29	0.01	0.00281	0.05675		KW
2007	0.29	0.3	0.01	0.00287	0.05962		KW
2007	0.3	0.31	0.01	0.00293	0.06255		KW
2007	0.31	0.32	0.01	0.00299	0.06553		KW
2007	0.32	0.33	0.01	0.00304	0.06858		KW
2007	0.33	0.34	0.01	0.0031	0.07167		KW
2007	0.34	0.35	0.01	0.00315	0.07483		KW
2007	0.35	0.36	0.01	0.0032	0.07803		KW
2007	0.36	0.37	0.01	0.00326	0.08129		KW
2007	0.37	0.38	0.01	0.00331	0.0846		KW
2007	0.38	0.39	0.01	0.00337	0.08797		KW
2007	0.39	0.4	0.01	0.00342	0.09139		KW
2007	0.4	0.41	0.01	0.00348	0.09488		KW
2007	0.41	0.42	0.01	0.00354	0.09842		KW
2007	0.42	0.43	0.01	0.00361	0.10203		KW
2007	0.43	0.44	0.01	0.00368	0.10571		KW
2007	0.44	0.45	0.01	0.00375	0.10946		KW
2007	0.45	0.46	0.01	0.00382	0.11328		KW
2007	0.46	0.47	0.01	0.00389	0.11717		KW
2007	0.47	0.48	0.01	0.00396	0.12113		KW
2007	0.48	0.49	0.01	0.00404	0.12517		KW
2007	0.49	0.5	0.01	0.00411	0.12928		KW
2007	0.5	0.51	0.01	0.00419	0.13346		KW
2007	0.51	0.52	0.01	0.00426	0.13773		KW
2007	0.52	0.53	0.01	0.00434	0.14207		KW
2007	0.53	0.54	0.01	0.00443	0.1465		KW
2007	0.54	0.55	0.01	0.00452	0.15103		KW
2007	0.55	0.56	0.01	0.00462	0.15565		KW
2007	0.56	0.57	0.01	0.00472	0.16037		KW
2007	0.57	0.58	0.01	0.00483	0.16521		KW
2007	0.58	0.59	0.01	0.00494	0.17015		KW
2007	0.59	0.6	0.01	0.00505	0.1752		KW
2007	0.6	0.61	0.01	0.00517	0.18037		KW
2007	0.61	0.62	0.01	0.0053	0.18567		KW
2007	0.62	0.63	0.01	0.00543	0.1911		KW
2007	0.63	0.64	0.01	0.00557	0.19667		KW
2007	0.64	0.65	0.01	0.00572	0.20239		KW
2007	0.65	0.66	0.01	0.00588	0.20827		KW
2007	0.66	0.67	0.01	0.00605	0.21432		KW
2007	0.67	0.68	0.01	0.00622	0.22054		KW
2007	0.68	0.69	0.01	0.00641	0.22694		KW
2007	0.69	0.7	0.01	0.00661	0.23355		KW
2007	0.7	0.71	0.01	0.00681	0.24035		KW
2007	0.71	0.72	0.01	0.00702	0.24738		KW
2007	0.72	0.73	0.01	0.00725	0.25463		KW
2007	0.73	0.74	0.01	0.00749	0.26212		KW
2007	0.74	0.75	0.01	0.00775	0.26986		KW
2007	0.75	0.76	0.01	0.00803	0.2779		KW
2007	0.76	0.77	0.01	0.00834	0.28624		KW
2007	0.77	0.78	0.01	0.00868	0.29492		KW
2007	0.78	0.79	0.01	0.00909	0.30402		KW
2007	0.79	0.8	0.01	0.00956	0.31358		KW
2007	0.8	0.81	0.01	0.01011	0.32369		KW
2007	0.81	0.82	0.01	0.01075	0.33443		KW
2007	0.82	0.83	0.01	0.01143	0.34586		KW
2007	0.83	0.84	0.01	0.01217	0.35803		KW
2007	0.84	0.85	0.01	0.01302	0.37105		KW
2007	0.85	0.86	0.01	0.01402	0.38507		KW
2007	0.86	0.87	0.01	0.0152	0.40027		KW
2007	0.87	0.88	0.01	0.01661	0.41688		KW
2007	0.88	0.89	0.01	0.01849	0.43537		KW
2007	0.89	0.9	0.01	0.02087	0.45624		KW
2007	0.9	0.91	0.01	0.02347	0.47971		KW
2007	0.91	0.92	0.01	0.026	0.50571		KW
2007	0.92	0.93	0.01	0.02881	0.53452		KW
2007	0.93	0.94	0.01	0.032	0.56652		KW
2007	0.94	0.95	0.01	0.03577	0.60229		KW
2007	0.95	0.96	0.01	0.04045	0.64274		KW
2007	0.96	0.97	0.01	0.04665	0.68939		KW
2007	0.97	0.98	0.01	0.05568	0.74507		KW
2007	0.98	0.99	0.01	0.07141	0.81648		KW
2007	0.99	1	0.01	0.18352	1		KW
