year	low	high	width	share	cumul	# sptinc992j	country
2014	0	0.01	0.01	-0.00048	-0.00048		LB
2014	0.01	0.02	0.01	-0.00007	-0.00056		LB
2014	0.02	0.03	0.01	0.00006	-0.0005		LB
2014	0.03	0.04	0.01	0.0002	-0.0003		LB
2014	0.04	0.05	0.01	0.00039	0.00009		LB
2014	0.05	0.06	0.01	0.00061	0.00071		LB
2014	0.06	0.07	0.01	0.00076	0.00147		LB
2014	0.07	0.08	0.01	0.00088	0.00234		LB
2014	0.08	0.09	0.01	0.00099	0.00333		LB
2014	0.09	0.1	0.01	0.0011	0.00443		LB
2014	0.1	0.11	0.01	0.00121	0.00564		LB
2014	0.11	0.12	0.01	0.0013	0.00694		LB
2014	0.12	0.13	0.01	0.00139	0.00833		LB
2014	0.13	0.14	0.01	0.00146	0.0098		LB
2014	0.14	0.15	0.01	0.00153	0.01133		LB
2014	0.15	0.16	0.01	0.00159	0.01292		LB
2014	0.16	0.17	0.01	0.00165	0.01456		LB
2014	0.17	0.18	0.01	0.0017	0.01626		LB
2014	0.18	0.19	0.01	0.00176	0.01802		LB
2014	0.19	0.2	0.01	0.00181	0.01983		LB
2014	0.2	0.21	0.01	0.00187	0.02171		LB
2014	0.21	0.22	0.01	0.00194	0.02365		LB
2014	0.22	0.23	0.01	0.00201	0.02565		LB
2014	0.23	0.24	0.01	0.00208	0.02773		LB
2014	0.24	0.25	0.01	0.00215	0.02988		LB
2014	0.25	0.26	0.01	0.00222	0.0321		LB
2014	0.26	0.27	0.01	0.00229	0.03439		LB
2014	0.27	0.28	0.01	0.00235	0.03673		LB
2014	0.28	0.29	0.01	0.0024	0.03914		LB
2014	0.29	0.3	0.01	0.00246	0.0416		LB
2014	0.3	0.31	0.01	0.00252	0.04412		LB
2014	0.31	0.32	0.01	0.00258	0.04669		LB
2014	0.32	0.33	0.01	0.00264	0.04933		LB
2014	0.33	0.34	0.01	0.0027	0.05203		LB
2014	0.34	0.35	0.01	0.00277	0.0548		LB
2014	0.35	0.36	0.01	0.00285	0.05765		LB
2014	0.36	0.37	0.01	0.00292	0.06057		LB
2014	0.37	0.38	0.01	0.003	0.06357		LB
2014	0.38	0.39	0.01	0.00308	0.06665		LB
2014	0.39	0.4	0.01	0.00316	0.06981		LB
2014	0.4	0.41	0.01	0.00324	0.07306		LB
2014	0.41	0.42	0.01	0.00333	0.07639		LB
2014	0.42	0.43	0.01	0.00342	0.0798		LB
2014	0.43	0.44	0.01	0.00351	0.08331		LB
2014	0.44	0.45	0.01	0.0036	0.08691		LB
2014	0.45	0.46	0.01	0.0037	0.09061		LB
2014	0.46	0.47	0.01	0.00379	0.0944		LB
2014	0.47	0.48	0.01	0.0039	0.0983		LB
2014	0.48	0.49	0.01	0.004	0.1023		LB
2014	0.49	0.5	0.01	0.00411	0.1064		LB
2014	0.5	0.51	0.01	0.00422	0.11062		LB
2014	0.51	0.52	0.01	0.00433	0.11495		LB
2014	0.52	0.53	0.01	0.00445	0.1194		LB
2014	0.53	0.54	0.01	0.00456	0.12396		LB
2014	0.54	0.55	0.01	0.00468	0.12864		LB
2014	0.55	0.56	0.01	0.0048	0.13343		LB
2014	0.56	0.57	0.01	0.00492	0.13835		LB
2014	0.57	0.58	0.01	0.00504	0.14339		LB
2014	0.58	0.59	0.01	0.00517	0.14856		LB
2014	0.59	0.6	0.01	0.0053	0.15386		LB
2014	0.6	0.61	0.01	0.00543	0.15928		LB
2014	0.61	0.62	0.01	0.00556	0.16484		LB
2014	0.62	0.63	0.01	0.00569	0.17053		LB
2014	0.63	0.64	0.01	0.00583	0.17636		LB
2014	0.64	0.65	0.01	0.00597	0.18232		LB
2014	0.65	0.66	0.01	0.00611	0.18843		LB
2014	0.66	0.67	0.01	0.00626	0.19469		LB
2014	0.67	0.68	0.01	0.00642	0.20111		LB
2014	0.68	0.69	0.01	0.00658	0.20769		LB
2014	0.69	0.7	0.01	0.00675	0.21443		LB
2014	0.7	0.71	0.01	0.00692	0.22135		LB
2014	0.71	0.72	0.01	0.00711	0.22846		LB
2014	0.72	0.73	0.01	0.00731	0.23577		LB
2014	0.73	0.74	0.01	0.00752	0.24329		LB
2014	0.74	0.75	0.01	0.00774	0.25103		LB
2014	0.75	0.76	0.01	0.00798	0.259		LB
2014	0.76	0.77	0.01	0.00824	0.26724		LB
2014	0.77	0.78	0.01	0.00853	0.27577		LB
2014	0.78	0.79	0.01	0.00885	0.28462		LB
2014	0.79	0.8	0.01	0.00921	0.29383		LB
2014	0.8	0.81	0.01	0.00963	0.30346		LB
2014	0.81	0.82	0.01	0.01012	0.31358		LB
2014	0.82	0.83	0.01	0.01072	0.32431		LB
2014	0.83	0.84	0.01	0.01144	0.33574		LB
2014	0.84	0.85	0.01	0.0123	0.34805		LB
2014	0.85	0.86	0.01	0.01333	0.36138		LB
2014	0.86	0.87	0.01	0.01454	0.37592		LB
2014	0.87	0.88	0.01	0.01597	0.39189		LB
2014	0.88	0.89	0.01	0.01762	0.40951		LB
2014	0.89	0.9	0.01	0.01947	0.42898		LB
2014	0.9	0.91	0.01	0.02151	0.45048		LB
2014	0.91	0.92	0.01	0.02371	0.47419		LB
2014	0.92	0.93	0.01	0.02614	0.50034		LB
2014	0.93	0.94	0.01	0.02895	0.52929		LB
2014	0.94	0.95	0.01	0.03238	0.56167		LB
2014	0.95	0.96	0.01	0.03685	0.59851		LB
2014	0.96	0.97	0.01	0.04318	0.64169		LB
2014	0.97	0.98	0.01	0.05322	0.69491		LB
2014	0.98	0.99	0.01	0.0711	0.76601		LB
2014	0.99	0.991	0.001	0.00885	0.77486		LB
2014	0.991	0.992	0.001	0.00938	0.78424		LB
2014	0.992	0.993	0.001	0.01004	0.79428		LB
2014	0.993	0.994	0.001	0.01084	0.80512		LB
2014	0.994	0.995	0.001	0.01187	0.81699		LB
2014	0.995	0.996	0.001	0.01325	0.83024		LB
2014	0.996	0.997	0.001	0.01522	0.84546		LB
2014	0.997	0.998	0.001	0.01842	0.86388		LB
2014	0.998	0.999	0.001	0.02512	0.88899		LB
2014	0.999	0.9991	0.0001	0.00327	0.89226		LB
2014	0.9991	0.9992	0.0001	0.00351	0.89577		LB
2014	0.9992	0.9993	0.0001	0.00381	0.89959		LB
2014	0.9993	0.9994	0.0001	0.00419	0.90378		LB
2014	0.9994	0.9995	0.0001	0.00469	0.90847		LB
2014	0.9995	0.9996	0.0001	0.00538	0.91385		LB
2014	0.9996	0.9997	0.0001	0.00639	0.92023		LB
2014	0.9997	0.9998	0.0001	0.00809	0.92833		LB
2014	0.9998	0.9999	0.0001	0.01181	0.94014		LB
2014	0.9999	0.99991	0.00001	0.00161	0.94175		LB
2014	0.99991	0.99992	0.00001	0.00175	0.94351		LB
2014	0.99992	0.99993	0.00001	0.00193	0.94543		LB
2014	0.99993	0.99994	0.00001	0.00215	0.94758		LB
2014	0.99994	0.99995	0.00001	0.00244	0.95001		LB
2014	0.99995	0.99996	0.00001	0.00283	0.95285		LB
2014	0.99996	0.99997	0.00001	0.00342	0.95626		LB
2014	0.99997	0.99998	0.00001	0.00438	0.96064		LB
2014	0.99998	0.99999	0.00001	0.00636	0.96701		LB
2014	0.99999	1	0.00001	0.03299	1		LB
2013	0	0.01	0.01	-0.00047	-0.00047		LB
2013	0.01	0.02	0.01	-0.00007	-0.00054		LB
2013	0.02	0.03	0.01	0.00006	-0.00048		LB
2013	0.03	0.04	0.01	0.0002	-0.00029		LB
2013	0.04	0.05	0.01	0.00039	0.0001		LB
2013	0.05	0.06	0.01	0.00061	0.00071		LB
2013	0.06	0.07	0.01	0.00075	0.00147		LB
2013	0.07	0.08	0.01	0.00087	0.00234		LB
2013	0.08	0.09	0.01	0.00098	0.00332		LB
2013	0.09	0.1	0.01	0.00109	0.00441		LB
2013	0.1	0.11	0.01	0.00119	0.0056		LB
2013	0.11	0.12	0.01	0.00129	0.0069		LB
2013	0.12	0.13	0.01	0.00138	0.00827		LB
2013	0.13	0.14	0.01	0.00145	0.00972		LB
2013	0.14	0.15	0.01	0.00152	0.01124		LB
2013	0.15	0.16	0.01	0.00157	0.01282		LB
2013	0.16	0.17	0.01	0.00163	0.01445		LB
2013	0.17	0.18	0.01	0.00168	0.01613		LB
2013	0.18	0.19	0.01	0.00174	0.01787		LB
2013	0.19	0.2	0.01	0.0018	0.01967		LB
2013	0.2	0.21	0.01	0.00186	0.02152		LB
2013	0.21	0.22	0.01	0.00192	0.02344		LB
2013	0.22	0.23	0.01	0.00199	0.02543		LB
2013	0.23	0.24	0.01	0.00206	0.02749		LB
2013	0.24	0.25	0.01	0.00213	0.02962		LB
2013	0.25	0.26	0.01	0.0022	0.03181		LB
2013	0.26	0.27	0.01	0.00226	0.03408		LB
2013	0.27	0.28	0.01	0.00232	0.0364		LB
2013	0.28	0.29	0.01	0.00238	0.03878		LB
2013	0.29	0.3	0.01	0.00244	0.04121		LB
2013	0.3	0.31	0.01	0.00249	0.04371		LB
2013	0.31	0.32	0.01	0.00255	0.04625		LB
2013	0.32	0.33	0.01	0.00261	0.04886		LB
2013	0.33	0.34	0.01	0.00267	0.05154		LB
2013	0.34	0.35	0.01	0.00274	0.05428		LB
2013	0.35	0.36	0.01	0.00281	0.0571		LB
2013	0.36	0.37	0.01	0.00289	0.05998		LB
2013	0.37	0.38	0.01	0.00297	0.06295		LB
2013	0.38	0.39	0.01	0.00304	0.066		LB
2013	0.39	0.4	0.01	0.00313	0.06912		LB
2013	0.4	0.41	0.01	0.00321	0.07233		LB
2013	0.41	0.42	0.01	0.00329	0.07562		LB
2013	0.42	0.43	0.01	0.00338	0.07899		LB
2013	0.43	0.44	0.01	0.00346	0.08246		LB
2013	0.44	0.45	0.01	0.00356	0.08602		LB
2013	0.45	0.46	0.01	0.00365	0.08967		LB
2013	0.46	0.47	0.01	0.00375	0.09342		LB
2013	0.47	0.48	0.01	0.00385	0.09726		LB
2013	0.48	0.49	0.01	0.00395	0.10122		LB
2013	0.49	0.5	0.01	0.00406	0.10528		LB
2013	0.5	0.51	0.01	0.00417	0.10944		LB
2013	0.51	0.52	0.01	0.00428	0.11372		LB
2013	0.52	0.53	0.01	0.00439	0.11811		LB
2013	0.53	0.54	0.01	0.00451	0.12262		LB
2013	0.54	0.55	0.01	0.00462	0.12724		LB
2013	0.55	0.56	0.01	0.00474	0.13198		LB
2013	0.56	0.57	0.01	0.00486	0.13684		LB
2013	0.57	0.58	0.01	0.00498	0.14182		LB
2013	0.58	0.59	0.01	0.00511	0.14692		LB
2013	0.59	0.6	0.01	0.00523	0.15215		LB
2013	0.6	0.61	0.01	0.00536	0.15751		LB
2013	0.61	0.62	0.01	0.00549	0.163		LB
2013	0.62	0.63	0.01	0.00562	0.16862		LB
2013	0.63	0.64	0.01	0.00575	0.17437		LB
2013	0.64	0.65	0.01	0.00589	0.18026		LB
2013	0.65	0.66	0.01	0.00603	0.1863		LB
2013	0.66	0.67	0.01	0.00618	0.19248		LB
2013	0.67	0.68	0.01	0.00633	0.19881		LB
2013	0.68	0.69	0.01	0.00649	0.20531		LB
2013	0.69	0.7	0.01	0.00666	0.21196		LB
2013	0.7	0.71	0.01	0.00683	0.2188		LB
2013	0.71	0.72	0.01	0.00702	0.22581		LB
2013	0.72	0.73	0.01	0.00721	0.23302		LB
2013	0.73	0.74	0.01	0.00742	0.24044		LB
2013	0.74	0.75	0.01	0.00764	0.24808		LB
2013	0.75	0.76	0.01	0.00787	0.25595		LB
2013	0.76	0.77	0.01	0.00813	0.26408		LB
2013	0.77	0.78	0.01	0.00842	0.2725		LB
2013	0.78	0.79	0.01	0.00873	0.28123		LB
2013	0.79	0.8	0.01	0.00909	0.29033		LB
2013	0.8	0.81	0.01	0.00951	0.29984		LB
2013	0.81	0.82	0.01	0.01001	0.30984		LB
2013	0.82	0.83	0.01	0.01061	0.32046		LB
2013	0.83	0.84	0.01	0.01134	0.3318		LB
2013	0.84	0.85	0.01	0.01222	0.34402		LB
2013	0.85	0.86	0.01	0.01327	0.3573		LB
2013	0.86	0.87	0.01	0.01452	0.37182		LB
2013	0.87	0.88	0.01	0.01599	0.3878		LB
2013	0.88	0.89	0.01	0.01769	0.40549		LB
2013	0.89	0.9	0.01	0.0196	0.42509		LB
2013	0.9	0.91	0.01	0.02171	0.4468		LB
2013	0.91	0.92	0.01	0.02398	0.47078		LB
2013	0.92	0.93	0.01	0.02648	0.49726		LB
2013	0.93	0.94	0.01	0.02934	0.5266		LB
2013	0.94	0.95	0.01	0.03283	0.55943		LB
2013	0.95	0.96	0.01	0.03736	0.5968		LB
2013	0.96	0.97	0.01	0.04382	0.64061		LB
2013	0.97	0.98	0.01	0.05405	0.69466		LB
2013	0.98	0.99	0.01	0.07218	0.76685		LB
2013	0.99	0.991	0.001	0.00897	0.77581		LB
2013	0.991	0.992	0.001	0.00952	0.78533		LB
2013	0.992	0.993	0.001	0.01016	0.79549		LB
2013	0.993	0.994	0.001	0.01097	0.80647		LB
2013	0.994	0.995	0.001	0.01201	0.81847		LB
2013	0.995	0.996	0.001	0.01339	0.83187		LB
2013	0.996	0.997	0.001	0.01537	0.84723		LB
2013	0.997	0.998	0.001	0.01858	0.86581		LB
2013	0.998	0.999	0.001	0.02526	0.89107		LB
2013	0.999	0.9991	0.0001	0.00328	0.89435		LB
2013	0.9991	0.9992	0.0001	0.00352	0.89787		LB
2013	0.9992	0.9993	0.0001	0.00382	0.90169		LB
2013	0.9993	0.9994	0.0001	0.00419	0.90588		LB
2013	0.9994	0.9995	0.0001	0.00469	0.91056		LB
2013	0.9995	0.9996	0.0001	0.00536	0.91593		LB
2013	0.9996	0.9997	0.0001	0.00635	0.92228		LB
2013	0.9997	0.9998	0.0001	0.00803	0.93031		LB
2013	0.9998	0.9999	0.0001	0.01167	0.94199		LB
2013	0.9999	0.99991	0.00001	0.00159	0.94357		LB
2013	0.99991	0.99992	0.00001	0.00172	0.9453		LB
2013	0.99992	0.99993	0.00001	0.00189	0.94719		LB
2013	0.99993	0.99994	0.00001	0.00211	0.9493		LB
2013	0.99994	0.99995	0.00001	0.00239	0.95169		LB
2013	0.99995	0.99996	0.00001	0.00278	0.95447		LB
2013	0.99996	0.99997	0.00001	0.00334	0.95781		LB
2013	0.99997	0.99998	0.00001	0.00427	0.96208		LB
2013	0.99998	0.99999	0.00001	0.00619	0.96828		LB
2013	0.99999	1	0.00001	0.03172	1		LB
2012	0	0.01	0.01	-0.00049	-0.00049		LB
2012	0.01	0.02	0.01	-0.00008	-0.00057		LB
2012	0.02	0.03	0.01	0.00005	-0.00051		LB
2012	0.03	0.04	0.01	0.00019	-0.00032		LB
2012	0.04	0.05	0.01	0.00038	0.00006		LB
2012	0.05	0.06	0.01	0.0006	0.00066		LB
2012	0.06	0.07	0.01	0.00074	0.0014		LB
2012	0.07	0.08	0.01	0.00086	0.00226		LB
2012	0.08	0.09	0.01	0.00097	0.00323		LB
2012	0.09	0.1	0.01	0.00108	0.0043		LB
2012	0.1	0.11	0.01	0.00118	0.00548		LB
2012	0.11	0.12	0.01	0.00127	0.00676		LB
2012	0.12	0.13	0.01	0.00136	0.00812		LB
2012	0.13	0.14	0.01	0.00143	0.00955		LB
2012	0.14	0.15	0.01	0.0015	0.01105		LB
2012	0.15	0.16	0.01	0.00155	0.0126		LB
2012	0.16	0.17	0.01	0.00161	0.01421		LB
2012	0.17	0.18	0.01	0.00166	0.01588		LB
2012	0.18	0.19	0.01	0.00172	0.0176		LB
2012	0.19	0.2	0.01	0.00178	0.01937		LB
2012	0.2	0.21	0.01	0.00184	0.02121		LB
2012	0.21	0.22	0.01	0.0019	0.02311		LB
2012	0.22	0.23	0.01	0.00197	0.02508		LB
2012	0.23	0.24	0.01	0.00204	0.02711		LB
2012	0.24	0.25	0.01	0.00211	0.02922		LB
2012	0.25	0.26	0.01	0.00218	0.0314		LB
2012	0.26	0.27	0.01	0.00224	0.03364		LB
2012	0.27	0.28	0.01	0.0023	0.03594		LB
2012	0.28	0.29	0.01	0.00236	0.03829		LB
2012	0.29	0.3	0.01	0.00241	0.04071		LB
2012	0.3	0.31	0.01	0.00247	0.04317		LB
2012	0.31	0.32	0.01	0.00253	0.0457		LB
2012	0.32	0.33	0.01	0.00259	0.04829		LB
2012	0.33	0.34	0.01	0.00265	0.05094		LB
2012	0.34	0.35	0.01	0.00272	0.05367		LB
2012	0.35	0.36	0.01	0.0028	0.05646		LB
2012	0.36	0.37	0.01	0.00287	0.05933		LB
2012	0.37	0.38	0.01	0.00295	0.06228		LB
2012	0.38	0.39	0.01	0.00303	0.06531		LB
2012	0.39	0.4	0.01	0.00311	0.06842		LB
2012	0.4	0.41	0.01	0.00319	0.07161		LB
2012	0.41	0.42	0.01	0.00328	0.07489		LB
2012	0.42	0.43	0.01	0.00336	0.07825		LB
2012	0.43	0.44	0.01	0.00345	0.0817		LB
2012	0.44	0.45	0.01	0.00354	0.08524		LB
2012	0.45	0.46	0.01	0.00364	0.08888		LB
2012	0.46	0.47	0.01	0.00374	0.09261		LB
2012	0.47	0.48	0.01	0.00384	0.09645		LB
2012	0.48	0.49	0.01	0.00394	0.10039		LB
2012	0.49	0.5	0.01	0.00404	0.10443		LB
2012	0.5	0.51	0.01	0.00415	0.10858		LB
2012	0.51	0.52	0.01	0.00426	0.11285		LB
2012	0.52	0.53	0.01	0.00438	0.11722		LB
2012	0.53	0.54	0.01	0.00449	0.12171		LB
2012	0.54	0.55	0.01	0.0046	0.12632		LB
2012	0.55	0.56	0.01	0.00472	0.13104		LB
2012	0.56	0.57	0.01	0.00484	0.13588		LB
2012	0.57	0.58	0.01	0.00497	0.14085		LB
2012	0.58	0.59	0.01	0.00509	0.14594		LB
2012	0.59	0.6	0.01	0.00522	0.15115		LB
2012	0.6	0.61	0.01	0.00534	0.1565		LB
2012	0.61	0.62	0.01	0.00547	0.16197		LB
2012	0.62	0.63	0.01	0.00561	0.16758		LB
2012	0.63	0.64	0.01	0.00574	0.17332		LB
2012	0.64	0.65	0.01	0.00588	0.1792		LB
2012	0.65	0.66	0.01	0.00602	0.18522		LB
2012	0.66	0.67	0.01	0.00617	0.19139		LB
2012	0.67	0.68	0.01	0.00633	0.19772		LB
2012	0.68	0.69	0.01	0.00649	0.20421		LB
2012	0.69	0.7	0.01	0.00665	0.21086		LB
2012	0.7	0.71	0.01	0.00683	0.21769		LB
2012	0.71	0.72	0.01	0.00701	0.2247		LB
2012	0.72	0.73	0.01	0.00721	0.23191		LB
2012	0.73	0.74	0.01	0.00742	0.23933		LB
2012	0.74	0.75	0.01	0.00764	0.24697		LB
2012	0.75	0.76	0.01	0.00788	0.25485		LB
2012	0.76	0.77	0.01	0.00814	0.26299		LB
2012	0.77	0.78	0.01	0.00843	0.27142		LB
2012	0.78	0.79	0.01	0.00875	0.28017		LB
2012	0.79	0.8	0.01	0.00911	0.28928		LB
2012	0.8	0.81	0.01	0.00953	0.29881		LB
2012	0.81	0.82	0.01	0.01003	0.30883		LB
2012	0.82	0.83	0.01	0.01063	0.31946		LB
2012	0.83	0.84	0.01	0.01135	0.33081		LB
2012	0.84	0.85	0.01	0.01223	0.34304		LB
2012	0.85	0.86	0.01	0.01327	0.35631		LB
2012	0.86	0.87	0.01	0.01451	0.37082		LB
2012	0.87	0.88	0.01	0.01596	0.38678		LB
2012	0.88	0.89	0.01	0.01764	0.40442		LB
2012	0.89	0.9	0.01	0.01954	0.42396		LB
2012	0.9	0.91	0.01	0.02162	0.44558		LB
2012	0.91	0.92	0.01	0.02387	0.46946		LB
2012	0.92	0.93	0.01	0.02636	0.49582		LB
2012	0.93	0.94	0.01	0.02924	0.52506		LB
2012	0.94	0.95	0.01	0.03274	0.5578		LB
2012	0.95	0.96	0.01	0.03729	0.59509		LB
2012	0.96	0.97	0.01	0.04375	0.63884		LB
2012	0.97	0.98	0.01	0.05397	0.69281		LB
2012	0.98	0.99	0.01	0.07216	0.76497		LB
2012	0.99	0.991	0.001	0.00898	0.77395		LB
2012	0.991	0.992	0.001	0.00954	0.78349		LB
2012	0.992	0.993	0.001	0.01019	0.79368		LB
2012	0.993	0.994	0.001	0.011	0.80469		LB
2012	0.994	0.995	0.001	0.01205	0.81673		LB
2012	0.995	0.996	0.001	0.01344	0.83017		LB
2012	0.996	0.997	0.001	0.01543	0.8456		LB
2012	0.997	0.998	0.001	0.01865	0.86425		LB
2012	0.998	0.999	0.001	0.02537	0.88963		LB
2012	0.999	0.9991	0.0001	0.00329	0.89292		LB
2012	0.9991	0.9992	0.0001	0.00354	0.89646		LB
2012	0.9992	0.9993	0.0001	0.00384	0.9003		LB
2012	0.9993	0.9994	0.0001	0.00422	0.90451		LB
2012	0.9994	0.9995	0.0001	0.00471	0.90923		LB
2012	0.9995	0.9996	0.0001	0.0054	0.91462		LB
2012	0.9996	0.9997	0.0001	0.0064	0.92102		LB
2012	0.9997	0.9998	0.0001	0.0081	0.92912		LB
2012	0.9998	0.9999	0.0001	0.01178	0.9409		LB
2012	0.9999	0.99991	0.00001	0.00161	0.9425		LB
2012	0.99991	0.99992	0.00001	0.00174	0.94425		LB
2012	0.99992	0.99993	0.00001	0.00192	0.94616		LB
2012	0.99993	0.99994	0.00001	0.00213	0.9483		LB
2012	0.99994	0.99995	0.00001	0.00242	0.95072		LB
2012	0.99995	0.99996	0.00001	0.00281	0.95353		LB
2012	0.99996	0.99997	0.00001	0.00339	0.95692		LB
2012	0.99997	0.99998	0.00001	0.00434	0.96125		LB
2012	0.99998	0.99999	0.00001	0.00629	0.96754		LB
2012	0.99999	1	0.00001	0.03246	1		LB
2011	0	0.01	0.01	-0.00051	-0.00051		LB
2011	0.01	0.02	0.01	-0.00008	-0.00059		LB
2011	0.02	0.03	0.01	0.00005	-0.00053		LB
2011	0.03	0.04	0.01	0.00019	-0.00034		LB
2011	0.04	0.05	0.01	0.00039	0.00005		LB
2011	0.05	0.06	0.01	0.0006	0.00065		LB
2011	0.06	0.07	0.01	0.00075	0.00139		LB
2011	0.07	0.08	0.01	0.00086	0.00225		LB
2011	0.08	0.09	0.01	0.00097	0.00323		LB
2011	0.09	0.1	0.01	0.00108	0.00431		LB
2011	0.1	0.11	0.01	0.00119	0.0055		LB
2011	0.11	0.12	0.01	0.00128	0.00678		LB
2011	0.12	0.13	0.01	0.00137	0.00814		LB
2011	0.13	0.14	0.01	0.00144	0.00959		LB
2011	0.14	0.15	0.01	0.00151	0.01109		LB
2011	0.15	0.16	0.01	0.00156	0.01266		LB
2011	0.16	0.17	0.01	0.00162	0.01428		LB
2011	0.17	0.18	0.01	0.00168	0.01595		LB
2011	0.18	0.19	0.01	0.00173	0.01768		LB
2011	0.19	0.2	0.01	0.00179	0.01947		LB
2011	0.2	0.21	0.01	0.00185	0.02132		LB
2011	0.21	0.22	0.01	0.00191	0.02324		LB
2011	0.22	0.23	0.01	0.00198	0.02522		LB
2011	0.23	0.24	0.01	0.00205	0.02727		LB
2011	0.24	0.25	0.01	0.00212	0.02939		LB
2011	0.25	0.26	0.01	0.00219	0.03159		LB
2011	0.26	0.27	0.01	0.00226	0.03384		LB
2011	0.27	0.28	0.01	0.00232	0.03616		LB
2011	0.28	0.29	0.01	0.00237	0.03853		LB
2011	0.29	0.3	0.01	0.00243	0.04096		LB
2011	0.3	0.31	0.01	0.00249	0.04345		LB
2011	0.31	0.32	0.01	0.00255	0.046		LB
2011	0.32	0.33	0.01	0.00261	0.04861		LB
2011	0.33	0.34	0.01	0.00268	0.05129		LB
2011	0.34	0.35	0.01	0.00275	0.05403		LB
2011	0.35	0.36	0.01	0.00282	0.05685		LB
2011	0.36	0.37	0.01	0.0029	0.05975		LB
2011	0.37	0.38	0.01	0.00298	0.06273		LB
2011	0.38	0.39	0.01	0.00306	0.06578		LB
2011	0.39	0.4	0.01	0.00314	0.06892		LB
2011	0.4	0.41	0.01	0.00322	0.07214		LB
2011	0.41	0.42	0.01	0.00331	0.07545		LB
2011	0.42	0.43	0.01	0.00339	0.07885		LB
2011	0.43	0.44	0.01	0.00348	0.08233		LB
2011	0.44	0.45	0.01	0.00358	0.08591		LB
2011	0.45	0.46	0.01	0.00367	0.08958		LB
2011	0.46	0.47	0.01	0.00377	0.09336		LB
2011	0.47	0.48	0.01	0.00387	0.09723		LB
2011	0.48	0.49	0.01	0.00398	0.10121		LB
2011	0.49	0.5	0.01	0.00409	0.1053		LB
2011	0.5	0.51	0.01	0.0042	0.10949		LB
2011	0.51	0.52	0.01	0.00431	0.1138		LB
2011	0.52	0.53	0.01	0.00442	0.11822		LB
2011	0.53	0.54	0.01	0.00454	0.12276		LB
2011	0.54	0.55	0.01	0.00465	0.12741		LB
2011	0.55	0.56	0.01	0.00477	0.13218		LB
2011	0.56	0.57	0.01	0.00489	0.13707		LB
2011	0.57	0.58	0.01	0.00502	0.14209		LB
2011	0.58	0.59	0.01	0.00514	0.14724		LB
2011	0.59	0.6	0.01	0.00527	0.15251		LB
2011	0.6	0.61	0.01	0.0054	0.15791		LB
2011	0.61	0.62	0.01	0.00553	0.16344		LB
2011	0.62	0.63	0.01	0.00567	0.16911		LB
2011	0.63	0.64	0.01	0.0058	0.17491		LB
2011	0.64	0.65	0.01	0.00595	0.18086		LB
2011	0.65	0.66	0.01	0.00609	0.18695		LB
2011	0.66	0.67	0.01	0.00624	0.19319		LB
2011	0.67	0.68	0.01	0.0064	0.19959		LB
2011	0.68	0.69	0.01	0.00656	0.20615		LB
2011	0.69	0.7	0.01	0.00673	0.21288		LB
2011	0.7	0.71	0.01	0.00691	0.21979		LB
2011	0.71	0.72	0.01	0.0071	0.22688		LB
2011	0.72	0.73	0.01	0.0073	0.23418		LB
2011	0.73	0.74	0.01	0.00751	0.24168		LB
2011	0.74	0.75	0.01	0.00773	0.24942		LB
2011	0.75	0.76	0.01	0.00798	0.25739		LB
2011	0.76	0.77	0.01	0.00824	0.26563		LB
2011	0.77	0.78	0.01	0.00853	0.27416		LB
2011	0.78	0.79	0.01	0.00885	0.28302		LB
2011	0.79	0.8	0.01	0.00922	0.29224		LB
2011	0.8	0.81	0.01	0.00964	0.30187		LB
2011	0.81	0.82	0.01	0.01013	0.31201		LB
2011	0.82	0.83	0.01	0.01073	0.32274		LB
2011	0.83	0.84	0.01	0.01145	0.33419		LB
2011	0.84	0.85	0.01	0.01231	0.34649		LB
2011	0.85	0.86	0.01	0.01333	0.35983		LB
2011	0.86	0.87	0.01	0.01454	0.37437		LB
2011	0.87	0.88	0.01	0.01596	0.39033		LB
2011	0.88	0.89	0.01	0.01761	0.40794		LB
2011	0.89	0.9	0.01	0.01945	0.42739		LB
2011	0.9	0.91	0.01	0.02148	0.44887		LB
2011	0.91	0.92	0.01	0.02368	0.47256		LB
2011	0.92	0.93	0.01	0.02612	0.49868		LB
2011	0.93	0.94	0.01	0.02895	0.52763		LB
2011	0.94	0.95	0.01	0.03242	0.56006		LB
2011	0.95	0.96	0.01	0.03693	0.59699		LB
2011	0.96	0.97	0.01	0.04331	0.6403		LB
2011	0.97	0.98	0.01	0.05339	0.69369		LB
2011	0.98	0.99	0.01	0.07143	0.76512		LB
2011	0.99	0.991	0.001	0.00891	0.77403		LB
2011	0.991	0.992	0.001	0.00945	0.78349		LB
2011	0.992	0.993	0.001	0.01011	0.79359		LB
2011	0.993	0.994	0.001	0.01092	0.80452		LB
2011	0.994	0.995	0.001	0.01196	0.81648		LB
2011	0.995	0.996	0.001	0.01335	0.82983		LB
2011	0.996	0.997	0.001	0.01533	0.84515		LB
2011	0.997	0.998	0.001	0.01854	0.86369		LB
2011	0.998	0.999	0.001	0.02523	0.88893		LB
2011	0.999	0.9991	0.0001	0.00328	0.8922		LB
2011	0.9991	0.9992	0.0001	0.00352	0.89573		LB
2011	0.9992	0.9993	0.0001	0.00382	0.89955		LB
2011	0.9993	0.9994	0.0001	0.0042	0.90375		LB
2011	0.9994	0.9995	0.0001	0.0047	0.90846		LB
2011	0.9995	0.9996	0.0001	0.00539	0.91384		LB
2011	0.9996	0.9997	0.0001	0.00639	0.92023		LB
2011	0.9997	0.9998	0.0001	0.00809	0.92833		LB
2011	0.9998	0.9999	0.0001	0.0118	0.94013		LB
2011	0.9999	0.99991	0.00001	0.00161	0.94174		LB
2011	0.99991	0.99992	0.00001	0.00175	0.94348		LB
2011	0.99992	0.99993	0.00001	0.00193	0.94541		LB
2011	0.99993	0.99994	0.00001	0.00215	0.94755		LB
2011	0.99994	0.99995	0.00001	0.00243	0.94999		LB
2011	0.99995	0.99996	0.00001	0.00283	0.95282		LB
2011	0.99996	0.99997	0.00001	0.00341	0.95623		LB
2011	0.99997	0.99998	0.00001	0.00437	0.9606		LB
2011	0.99998	0.99999	0.00001	0.00635	0.96695		LB
2011	0.99999	1	0.00001	0.03305	1		LB
2010	0	0.01	0.01	-0.0005	-0.0005		LB
2010	0.01	0.02	0.01	-0.00008	-0.00057		LB
2010	0.02	0.03	0.01	0.00006	-0.00052		LB
2010	0.03	0.04	0.01	0.0002	-0.00032		LB
2010	0.04	0.05	0.01	0.00039	0.00007		LB
2010	0.05	0.06	0.01	0.00061	0.00068		LB
2010	0.06	0.07	0.01	0.00076	0.00144		LB
2010	0.07	0.08	0.01	0.00088	0.00231		LB
2010	0.08	0.09	0.01	0.00099	0.0033		LB
2010	0.09	0.1	0.01	0.0011	0.0044		LB
2010	0.1	0.11	0.01	0.0012	0.0056		LB
2010	0.11	0.12	0.01	0.0013	0.0069		LB
2010	0.12	0.13	0.01	0.00139	0.00829		LB
2010	0.13	0.14	0.01	0.00146	0.00975		LB
2010	0.14	0.15	0.01	0.00153	0.01127		LB
2010	0.15	0.16	0.01	0.00159	0.01286		LB
2010	0.16	0.17	0.01	0.00164	0.0145		LB
2010	0.17	0.18	0.01	0.0017	0.0162		LB
2010	0.18	0.19	0.01	0.00175	0.01795		LB
2010	0.19	0.2	0.01	0.00181	0.01976		LB
2010	0.2	0.21	0.01	0.00187	0.02164		LB
2010	0.21	0.22	0.01	0.00194	0.02357		LB
2010	0.22	0.23	0.01	0.00201	0.02558		LB
2010	0.23	0.24	0.01	0.00208	0.02766		LB
2010	0.24	0.25	0.01	0.00215	0.02981		LB
2010	0.25	0.26	0.01	0.00222	0.03202		LB
2010	0.26	0.27	0.01	0.00228	0.03431		LB
2010	0.27	0.28	0.01	0.00234	0.03665		LB
2010	0.28	0.29	0.01	0.0024	0.03906		LB
2010	0.29	0.3	0.01	0.00246	0.04152		LB
2010	0.3	0.31	0.01	0.00252	0.04403		LB
2010	0.31	0.32	0.01	0.00258	0.04661		LB
2010	0.32	0.33	0.01	0.00264	0.04925		LB
2010	0.33	0.34	0.01	0.0027	0.05195		LB
2010	0.34	0.35	0.01	0.00278	0.05473		LB
2010	0.35	0.36	0.01	0.00285	0.05757		LB
2010	0.36	0.37	0.01	0.00293	0.0605		LB
2010	0.37	0.38	0.01	0.003	0.0635		LB
2010	0.38	0.39	0.01	0.00309	0.06659		LB
2010	0.39	0.4	0.01	0.00317	0.06976		LB
2010	0.4	0.41	0.01	0.00325	0.07301		LB
2010	0.41	0.42	0.01	0.00334	0.07635		LB
2010	0.42	0.43	0.01	0.00342	0.07977		LB
2010	0.43	0.44	0.01	0.00351	0.08328		LB
2010	0.44	0.45	0.01	0.00361	0.08689		LB
2010	0.45	0.46	0.01	0.00371	0.0906		LB
2010	0.46	0.47	0.01	0.0038	0.0944		LB
2010	0.47	0.48	0.01	0.00391	0.09831		LB
2010	0.48	0.49	0.01	0.00401	0.10232		LB
2010	0.49	0.5	0.01	0.00412	0.10644		LB
2010	0.5	0.51	0.01	0.00423	0.11067		LB
2010	0.51	0.52	0.01	0.00434	0.11501		LB
2010	0.52	0.53	0.01	0.00446	0.11947		LB
2010	0.53	0.54	0.01	0.00457	0.12404		LB
2010	0.54	0.55	0.01	0.00469	0.12873		LB
2010	0.55	0.56	0.01	0.00481	0.13354		LB
2010	0.56	0.57	0.01	0.00493	0.13848		LB
2010	0.57	0.58	0.01	0.00506	0.14353		LB
2010	0.58	0.59	0.01	0.00518	0.14872		LB
2010	0.59	0.6	0.01	0.00531	0.15403		LB
2010	0.6	0.61	0.01	0.00544	0.15947		LB
2010	0.61	0.62	0.01	0.00557	0.16505		LB
2010	0.62	0.63	0.01	0.00571	0.17076		LB
2010	0.63	0.64	0.01	0.00585	0.1766		LB
2010	0.64	0.65	0.01	0.00599	0.18259		LB
2010	0.65	0.66	0.01	0.00613	0.18872		LB
2010	0.66	0.67	0.01	0.00628	0.19501		LB
2010	0.67	0.68	0.01	0.00644	0.20145		LB
2010	0.68	0.69	0.01	0.0066	0.20805		LB
2010	0.69	0.7	0.01	0.00677	0.21483		LB
2010	0.7	0.71	0.01	0.00695	0.22178		LB
2010	0.71	0.72	0.01	0.00714	0.22892		LB
2010	0.72	0.73	0.01	0.00734	0.23626		LB
2010	0.73	0.74	0.01	0.00755	0.24381		LB
2010	0.74	0.75	0.01	0.00778	0.25159		LB
2010	0.75	0.76	0.01	0.00802	0.25961		LB
2010	0.76	0.77	0.01	0.00828	0.26789		LB
2010	0.77	0.78	0.01	0.00857	0.27647		LB
2010	0.78	0.79	0.01	0.0089	0.28536		LB
2010	0.79	0.8	0.01	0.00926	0.29463		LB
2010	0.8	0.81	0.01	0.00968	0.30431		LB
2010	0.81	0.82	0.01	0.01018	0.31448		LB
2010	0.82	0.83	0.01	0.01077	0.32526		LB
2010	0.83	0.84	0.01	0.01149	0.33675		LB
2010	0.84	0.85	0.01	0.01235	0.3491		LB
2010	0.85	0.86	0.01	0.01337	0.36248		LB
2010	0.86	0.87	0.01	0.01458	0.37706		LB
2010	0.87	0.88	0.01	0.016	0.39306		LB
2010	0.88	0.89	0.01	0.01764	0.41071		LB
2010	0.89	0.9	0.01	0.01949	0.43019		LB
2010	0.9	0.91	0.01	0.02151	0.4517		LB
2010	0.91	0.92	0.01	0.0237	0.4754		LB
2010	0.92	0.93	0.01	0.02613	0.50154		LB
2010	0.93	0.94	0.01	0.02894	0.53048		LB
2010	0.94	0.95	0.01	0.03239	0.56287		LB
2010	0.95	0.96	0.01	0.03687	0.59973		LB
2010	0.96	0.97	0.01	0.04322	0.64295		LB
2010	0.97	0.98	0.01	0.05325	0.6962		LB
2010	0.98	0.99	0.01	0.07119	0.76739		LB
2010	0.99	0.991	0.001	0.00887	0.77627		LB
2010	0.991	0.992	0.001	0.00941	0.78568		LB
2010	0.992	0.993	0.001	0.01006	0.79574		LB
2010	0.993	0.994	0.001	0.01087	0.80661		LB
2010	0.994	0.995	0.001	0.01189	0.8185		LB
2010	0.995	0.996	0.001	0.01329	0.83179		LB
2010	0.996	0.997	0.001	0.01524	0.84703		LB
2010	0.997	0.998	0.001	0.01842	0.86545		LB
2010	0.998	0.999	0.001	0.02505	0.8905		LB
2010	0.999	0.9991	0.0001	0.00325	0.89375		LB
2010	0.9991	0.9992	0.0001	0.0035	0.89725		LB
2010	0.9992	0.9993	0.0001	0.00379	0.90104		LB
2010	0.9993	0.9994	0.0001	0.00417	0.90521		LB
2010	0.9994	0.9995	0.0001	0.00466	0.90986		LB
2010	0.9995	0.9996	0.0001	0.00533	0.91519		LB
2010	0.9996	0.9997	0.0001	0.00632	0.92152		LB
2010	0.9997	0.9998	0.0001	0.008	0.92952		LB
2010	0.9998	0.9999	0.0001	0.01165	0.94118		LB
2010	0.9999	0.99991	0.00001	0.00159	0.94276		LB
2010	0.99991	0.99992	0.00001	0.00172	0.94449		LB
2010	0.99992	0.99993	0.00001	0.0019	0.94639		LB
2010	0.99993	0.99994	0.00001	0.00212	0.9485		LB
2010	0.99994	0.99995	0.00001	0.0024	0.9509		LB
2010	0.99995	0.99996	0.00001	0.00279	0.95369		LB
2010	0.99996	0.99997	0.00001	0.00336	0.95705		LB
2010	0.99997	0.99998	0.00001	0.0043	0.96136		LB
2010	0.99998	0.99999	0.00001	0.00624	0.9676		LB
2010	0.99999	1	0.00001	0.0324	1		LB
2009	0	0.01	0.01	-0.00051	-0.00051		LB
2009	0.01	0.02	0.01	-0.00008	-0.00059		LB
2009	0.02	0.03	0.01	0.00006	-0.00053		LB
2009	0.03	0.04	0.01	0.0002	-0.00033		LB
2009	0.04	0.05	0.01	0.0004	0.00007		LB
2009	0.05	0.06	0.01	0.00062	0.00068		LB
2009	0.06	0.07	0.01	0.00077	0.00145		LB
2009	0.07	0.08	0.01	0.00089	0.00234		LB
2009	0.08	0.09	0.01	0.001	0.00333		LB
2009	0.09	0.1	0.01	0.00111	0.00444		LB
2009	0.1	0.11	0.01	0.00122	0.00566		LB
2009	0.11	0.12	0.01	0.00132	0.00698		LB
2009	0.12	0.13	0.01	0.0014	0.00838		LB
2009	0.13	0.14	0.01	0.00148	0.00986		LB
2009	0.14	0.15	0.01	0.00154	0.0114		LB
2009	0.15	0.16	0.01	0.0016	0.01301		LB
2009	0.16	0.17	0.01	0.00166	0.01467		LB
2009	0.17	0.18	0.01	0.00172	0.01639		LB
2009	0.18	0.19	0.01	0.00177	0.01816		LB
2009	0.19	0.2	0.01	0.00183	0.02		LB
2009	0.2	0.21	0.01	0.00189	0.02189		LB
2009	0.21	0.22	0.01	0.00196	0.02385		LB
2009	0.22	0.23	0.01	0.00203	0.02588		LB
2009	0.23	0.24	0.01	0.0021	0.02798		LB
2009	0.24	0.25	0.01	0.00218	0.03016		LB
2009	0.25	0.26	0.01	0.00225	0.03241		LB
2009	0.26	0.27	0.01	0.00231	0.03472		LB
2009	0.27	0.28	0.01	0.00237	0.03709		LB
2009	0.28	0.29	0.01	0.00243	0.03952		LB
2009	0.29	0.3	0.01	0.00249	0.04201		LB
2009	0.3	0.31	0.01	0.00255	0.04456		LB
2009	0.31	0.32	0.01	0.00261	0.04717		LB
2009	0.32	0.33	0.01	0.00267	0.04984		LB
2009	0.33	0.34	0.01	0.00274	0.05258		LB
2009	0.34	0.35	0.01	0.00281	0.05539		LB
2009	0.35	0.36	0.01	0.00288	0.05827		LB
2009	0.36	0.37	0.01	0.00296	0.06123		LB
2009	0.37	0.38	0.01	0.00304	0.06428		LB
2009	0.38	0.39	0.01	0.00312	0.0674		LB
2009	0.39	0.4	0.01	0.00321	0.07061		LB
2009	0.4	0.41	0.01	0.00329	0.0739		LB
2009	0.41	0.42	0.01	0.00338	0.07728		LB
2009	0.42	0.43	0.01	0.00347	0.08075		LB
2009	0.43	0.44	0.01	0.00356	0.08431		LB
2009	0.44	0.45	0.01	0.00366	0.08797		LB
2009	0.45	0.46	0.01	0.00375	0.09172		LB
2009	0.46	0.47	0.01	0.00385	0.09557		LB
2009	0.47	0.48	0.01	0.00396	0.09953		LB
2009	0.48	0.49	0.01	0.00406	0.10359		LB
2009	0.49	0.5	0.01	0.00417	0.10777		LB
2009	0.5	0.51	0.01	0.00429	0.11205		LB
2009	0.51	0.52	0.01	0.0044	0.11645		LB
2009	0.52	0.53	0.01	0.00452	0.12097		LB
2009	0.53	0.54	0.01	0.00463	0.1256		LB
2009	0.54	0.55	0.01	0.00475	0.13035		LB
2009	0.55	0.56	0.01	0.00487	0.13522		LB
2009	0.56	0.57	0.01	0.005	0.14022		LB
2009	0.57	0.58	0.01	0.00512	0.14534		LB
2009	0.58	0.59	0.01	0.00525	0.15059		LB
2009	0.59	0.6	0.01	0.00538	0.15598		LB
2009	0.6	0.61	0.01	0.00551	0.16149		LB
2009	0.61	0.62	0.01	0.00565	0.16714		LB
2009	0.62	0.63	0.01	0.00578	0.17292		LB
2009	0.63	0.64	0.01	0.00592	0.17885		LB
2009	0.64	0.65	0.01	0.00607	0.18491		LB
2009	0.65	0.66	0.01	0.00621	0.19113		LB
2009	0.66	0.67	0.01	0.00637	0.19749		LB
2009	0.67	0.68	0.01	0.00653	0.20402		LB
2009	0.68	0.69	0.01	0.00669	0.21071		LB
2009	0.69	0.7	0.01	0.00686	0.21758		LB
2009	0.7	0.71	0.01	0.00704	0.22462		LB
2009	0.71	0.72	0.01	0.00724	0.23186		LB
2009	0.72	0.73	0.01	0.00744	0.2393		LB
2009	0.73	0.74	0.01	0.00765	0.24695		LB
2009	0.74	0.75	0.01	0.00788	0.25483		LB
2009	0.75	0.76	0.01	0.00813	0.26296		LB
2009	0.76	0.77	0.01	0.00839	0.27135		LB
2009	0.77	0.78	0.01	0.00869	0.28003		LB
2009	0.78	0.79	0.01	0.00901	0.28905		LB
2009	0.79	0.8	0.01	0.00938	0.29843		LB
2009	0.8	0.81	0.01	0.0098	0.30822		LB
2009	0.81	0.82	0.01	0.01029	0.31852		LB
2009	0.82	0.83	0.01	0.01089	0.3294		LB
2009	0.83	0.84	0.01	0.0116	0.341		LB
2009	0.84	0.85	0.01	0.01244	0.35344		LB
2009	0.85	0.86	0.01	0.01345	0.36689		LB
2009	0.86	0.87	0.01	0.01464	0.38153		LB
2009	0.87	0.88	0.01	0.01602	0.39755		LB
2009	0.88	0.89	0.01	0.01763	0.41518		LB
2009	0.89	0.9	0.01	0.01942	0.4346		LB
2009	0.9	0.91	0.01	0.02139	0.45599		LB
2009	0.91	0.92	0.01	0.02353	0.47953		LB
2009	0.92	0.93	0.01	0.02591	0.50544		LB
2009	0.93	0.94	0.01	0.02868	0.53413		LB
2009	0.94	0.95	0.01	0.03208	0.56621		LB
2009	0.95	0.96	0.01	0.03651	0.60272		LB
2009	0.96	0.97	0.01	0.04277	0.64548		LB
2009	0.97	0.98	0.01	0.05266	0.69815		LB
2009	0.98	0.99	0.01	0.0704	0.76855		LB
2009	0.99	0.991	0.001	0.00879	0.77734		LB
2009	0.991	0.992	0.001	0.00932	0.78666		LB
2009	0.992	0.993	0.001	0.00997	0.79663		LB
2009	0.993	0.994	0.001	0.01077	0.8074		LB
2009	0.994	0.995	0.001	0.0118	0.81919		LB
2009	0.995	0.996	0.001	0.01316	0.83235		LB
2009	0.996	0.997	0.001	0.01511	0.84746		LB
2009	0.997	0.998	0.001	0.01826	0.86572		LB
2009	0.998	0.999	0.001	0.02484	0.89056		LB
2009	0.999	0.9991	0.0001	0.00323	0.89379		LB
2009	0.9991	0.9992	0.0001	0.00346	0.89725		LB
2009	0.9992	0.9993	0.0001	0.00376	0.90102		LB
2009	0.9993	0.9994	0.0001	0.00414	0.90515		LB
2009	0.9994	0.9995	0.0001	0.00462	0.90978		LB
2009	0.9995	0.9996	0.0001	0.0053	0.91508		LB
2009	0.9996	0.9997	0.0001	0.00629	0.92136		LB
2009	0.9997	0.9998	0.0001	0.00796	0.92933		LB
2009	0.9998	0.9999	0.0001	0.01161	0.94093		LB
2009	0.9999	0.99991	0.00001	0.00158	0.94252		LB
2009	0.99991	0.99992	0.00001	0.00172	0.94424		LB
2009	0.99992	0.99993	0.00001	0.00189	0.94613		LB
2009	0.99993	0.99994	0.00001	0.00211	0.94825		LB
2009	0.99994	0.99995	0.00001	0.0024	0.95064		LB
2009	0.99995	0.99996	0.00001	0.00279	0.95343		LB
2009	0.99996	0.99997	0.00001	0.00336	0.95679		LB
2009	0.99997	0.99998	0.00001	0.00431	0.9611		LB
2009	0.99998	0.99999	0.00001	0.00625	0.96735		LB
2009	0.99999	1	0.00001	0.03265	1		LB
2008	0	0.01	0.01	-0.00051	-0.00051		LB
2008	0.01	0.02	0.01	-0.00008	-0.00059		LB
2008	0.02	0.03	0.01	0.00005	-0.00053		LB
2008	0.03	0.04	0.01	0.0002	-0.00033		LB
2008	0.04	0.05	0.01	0.00039	0.00005		LB
2008	0.05	0.06	0.01	0.00061	0.00066		LB
2008	0.06	0.07	0.01	0.00075	0.00141		LB
2008	0.07	0.08	0.01	0.00087	0.00228		LB
2008	0.08	0.09	0.01	0.00098	0.00326		LB
2008	0.09	0.1	0.01	0.00109	0.00436		LB
2008	0.1	0.11	0.01	0.0012	0.00555		LB
2008	0.11	0.12	0.01	0.00129	0.00685		LB
2008	0.12	0.13	0.01	0.00138	0.00822		LB
2008	0.13	0.14	0.01	0.00145	0.00968		LB
2008	0.14	0.15	0.01	0.00152	0.0112		LB
2008	0.15	0.16	0.01	0.00158	0.01277		LB
2008	0.16	0.17	0.01	0.00163	0.01441		LB
2008	0.17	0.18	0.01	0.00169	0.0161		LB
2008	0.18	0.19	0.01	0.00175	0.01784		LB
2008	0.19	0.2	0.01	0.0018	0.01965		LB
2008	0.2	0.21	0.01	0.00186	0.02151		LB
2008	0.21	0.22	0.01	0.00193	0.02344		LB
2008	0.22	0.23	0.01	0.002	0.02544		LB
2008	0.23	0.24	0.01	0.00207	0.02751		LB
2008	0.24	0.25	0.01	0.00214	0.02965		LB
2008	0.25	0.26	0.01	0.00221	0.03186		LB
2008	0.26	0.27	0.01	0.00227	0.03413		LB
2008	0.27	0.28	0.01	0.00233	0.03646		LB
2008	0.28	0.29	0.01	0.00239	0.03886		LB
2008	0.29	0.3	0.01	0.00245	0.04131		LB
2008	0.3	0.31	0.01	0.00251	0.04382		LB
2008	0.31	0.32	0.01	0.00257	0.04638		LB
2008	0.32	0.33	0.01	0.00263	0.04901		LB
2008	0.33	0.34	0.01	0.0027	0.05171		LB
2008	0.34	0.35	0.01	0.00277	0.05447		LB
2008	0.35	0.36	0.01	0.00284	0.05732		LB
2008	0.36	0.37	0.01	0.00292	0.06023		LB
2008	0.37	0.38	0.01	0.003	0.06323		LB
2008	0.38	0.39	0.01	0.00308	0.06631		LB
2008	0.39	0.4	0.01	0.00316	0.06947		LB
2008	0.4	0.41	0.01	0.00324	0.07271		LB
2008	0.41	0.42	0.01	0.00333	0.07604		LB
2008	0.42	0.43	0.01	0.00342	0.07946		LB
2008	0.43	0.44	0.01	0.00351	0.08297		LB
2008	0.44	0.45	0.01	0.0036	0.08657		LB
2008	0.45	0.46	0.01	0.0037	0.09027		LB
2008	0.46	0.47	0.01	0.0038	0.09407		LB
2008	0.47	0.48	0.01	0.0039	0.09797		LB
2008	0.48	0.49	0.01	0.00401	0.10198		LB
2008	0.49	0.5	0.01	0.00411	0.10609		LB
2008	0.5	0.51	0.01	0.00422	0.11031		LB
2008	0.51	0.52	0.01	0.00434	0.11465		LB
2008	0.52	0.53	0.01	0.00445	0.1191		LB
2008	0.53	0.54	0.01	0.00457	0.12367		LB
2008	0.54	0.55	0.01	0.00468	0.12835		LB
2008	0.55	0.56	0.01	0.0048	0.13315		LB
2008	0.56	0.57	0.01	0.00493	0.13808		LB
2008	0.57	0.58	0.01	0.00505	0.14313		LB
2008	0.58	0.59	0.01	0.00518	0.1483		LB
2008	0.59	0.6	0.01	0.00531	0.15361		LB
2008	0.6	0.61	0.01	0.00544	0.15904		LB
2008	0.61	0.62	0.01	0.00557	0.16461		LB
2008	0.62	0.63	0.01	0.0057	0.17032		LB
2008	0.63	0.64	0.01	0.00584	0.17616		LB
2008	0.64	0.65	0.01	0.00598	0.18214		LB
2008	0.65	0.66	0.01	0.00613	0.18827		LB
2008	0.66	0.67	0.01	0.00628	0.19455		LB
2008	0.67	0.68	0.01	0.00644	0.20099		LB
2008	0.68	0.69	0.01	0.0066	0.20759		LB
2008	0.69	0.7	0.01	0.00677	0.21436		LB
2008	0.7	0.71	0.01	0.00695	0.22131		LB
2008	0.71	0.72	0.01	0.00714	0.22844		LB
2008	0.72	0.73	0.01	0.00734	0.23578		LB
2008	0.73	0.74	0.01	0.00755	0.24333		LB
2008	0.74	0.75	0.01	0.00778	0.25111		LB
2008	0.75	0.76	0.01	0.00802	0.25913		LB
2008	0.76	0.77	0.01	0.00828	0.26742		LB
2008	0.77	0.78	0.01	0.00857	0.27599		LB
2008	0.78	0.79	0.01	0.0089	0.28489		LB
2008	0.79	0.8	0.01	0.00926	0.29415		LB
2008	0.8	0.81	0.01	0.00968	0.30383		LB
2008	0.81	0.82	0.01	0.01017	0.31401		LB
2008	0.82	0.83	0.01	0.01077	0.32477		LB
2008	0.83	0.84	0.01	0.01147	0.33624		LB
2008	0.84	0.85	0.01	0.01232	0.34857		LB
2008	0.85	0.86	0.01	0.01333	0.3619		LB
2008	0.86	0.87	0.01	0.01452	0.37642		LB
2008	0.87	0.88	0.01	0.01591	0.39233		LB
2008	0.88	0.89	0.01	0.01753	0.40986		LB
2008	0.89	0.9	0.01	0.01933	0.42919		LB
2008	0.9	0.91	0.01	0.02132	0.45051		LB
2008	0.91	0.92	0.01	0.02347	0.47398		LB
2008	0.92	0.93	0.01	0.02587	0.49985		LB
2008	0.93	0.94	0.01	0.02865	0.5285		LB
2008	0.94	0.95	0.01	0.03206	0.56057		LB
2008	0.95	0.96	0.01	0.0365	0.59707		LB
2008	0.96	0.97	0.01	0.04279	0.63986		LB
2008	0.97	0.98	0.01	0.05271	0.69257		LB
2008	0.98	0.99	0.01	0.0705	0.76306		LB
2008	0.99	0.991	0.001	0.0088	0.77186		LB
2008	0.991	0.992	0.001	0.00933	0.78119		LB
2008	0.992	0.993	0.001	0.00999	0.79119		LB
2008	0.993	0.994	0.001	0.01079	0.80198		LB
2008	0.994	0.995	0.001	0.01183	0.81381		LB
2008	0.995	0.996	0.001	0.01321	0.82702		LB
2008	0.996	0.997	0.001	0.01519	0.84221		LB
2008	0.997	0.998	0.001	0.01841	0.86063		LB
2008	0.998	0.999	0.001	0.02518	0.88581		LB
2008	0.999	0.9991	0.0001	0.00328	0.88909		LB
2008	0.9991	0.9992	0.0001	0.00353	0.89262		LB
2008	0.9992	0.9993	0.0001	0.00384	0.89646		LB
2008	0.9993	0.9994	0.0001	0.00423	0.90069		LB
2008	0.9994	0.9995	0.0001	0.00474	0.90543		LB
2008	0.9995	0.9996	0.0001	0.00544	0.91086		LB
2008	0.9996	0.9997	0.0001	0.00647	0.91733		LB
2008	0.9997	0.9998	0.0001	0.00823	0.92556		LB
2008	0.9998	0.9999	0.0001	0.01206	0.93761		LB
2008	0.9999	0.99991	0.00001	0.00165	0.93926		LB
2008	0.99991	0.99992	0.00001	0.0018	0.94106		LB
2008	0.99992	0.99993	0.00001	0.00198	0.94304		LB
2008	0.99993	0.99994	0.00001	0.00221	0.94524		LB
2008	0.99994	0.99995	0.00001	0.0025	0.94775		LB
2008	0.99995	0.99996	0.00001	0.00292	0.95067		LB
2008	0.99996	0.99997	0.00001	0.00352	0.95419		LB
2008	0.99997	0.99998	0.00001	0.00453	0.95872		LB
2008	0.99998	0.99999	0.00001	0.0066	0.96531		LB
2008	0.99999	1	0.00001	0.03469	1		LB
2007	0	0.01	0.01	-0.00051	-0.00051		LB
2007	0.01	0.02	0.01	-0.00008	-0.00059		LB
2007	0.02	0.03	0.01	0.00006	-0.00054		LB
2007	0.03	0.04	0.01	0.0002	-0.00034		LB
2007	0.04	0.05	0.01	0.00039	0.00005		LB
2007	0.05	0.06	0.01	0.00061	0.00067		LB
2007	0.06	0.07	0.01	0.00076	0.00143		LB
2007	0.07	0.08	0.01	0.00088	0.00231		LB
2007	0.08	0.09	0.01	0.00099	0.00331		LB
2007	0.09	0.1	0.01	0.00111	0.00441		LB
2007	0.1	0.11	0.01	0.00121	0.00563		LB
2007	0.11	0.12	0.01	0.00131	0.00694		LB
2007	0.12	0.13	0.01	0.0014	0.00833		LB
2007	0.13	0.14	0.01	0.00147	0.00981		LB
2007	0.14	0.15	0.01	0.00154	0.01134		LB
2007	0.15	0.16	0.01	0.0016	0.01294		LB
2007	0.16	0.17	0.01	0.00166	0.0146		LB
2007	0.17	0.18	0.01	0.00171	0.01631		LB
2007	0.18	0.19	0.01	0.00177	0.01808		LB
2007	0.19	0.2	0.01	0.00183	0.01991		LB
2007	0.2	0.21	0.01	0.00189	0.0218		LB
2007	0.21	0.22	0.01	0.00195	0.02375		LB
2007	0.22	0.23	0.01	0.00202	0.02577		LB
2007	0.23	0.24	0.01	0.0021	0.02787		LB
2007	0.24	0.25	0.01	0.00217	0.03004		LB
2007	0.25	0.26	0.01	0.00224	0.03228		LB
2007	0.26	0.27	0.01	0.0023	0.03458		LB
2007	0.27	0.28	0.01	0.00237	0.03695		LB
2007	0.28	0.29	0.01	0.00243	0.03937		LB
2007	0.29	0.3	0.01	0.00248	0.04186		LB
2007	0.3	0.31	0.01	0.00254	0.0444		LB
2007	0.31	0.32	0.01	0.0026	0.047		LB
2007	0.32	0.33	0.01	0.00266	0.04966		LB
2007	0.33	0.34	0.01	0.00273	0.05239		LB
2007	0.34	0.35	0.01	0.0028	0.0552		LB
2007	0.35	0.36	0.01	0.00288	0.05808		LB
2007	0.36	0.37	0.01	0.00296	0.06103		LB
2007	0.37	0.38	0.01	0.00304	0.06407		LB
2007	0.38	0.39	0.01	0.00312	0.06719		LB
2007	0.39	0.4	0.01	0.0032	0.07039		LB
2007	0.4	0.41	0.01	0.00329	0.07368		LB
2007	0.41	0.42	0.01	0.00337	0.07705		LB
2007	0.42	0.43	0.01	0.00346	0.08052		LB
2007	0.43	0.44	0.01	0.00356	0.08407		LB
2007	0.44	0.45	0.01	0.00365	0.08772		LB
2007	0.45	0.46	0.01	0.00375	0.09147		LB
2007	0.46	0.47	0.01	0.00385	0.09532		LB
2007	0.47	0.48	0.01	0.00395	0.09927		LB
2007	0.48	0.49	0.01	0.00406	0.10333		LB
2007	0.49	0.5	0.01	0.00417	0.1075		LB
2007	0.5	0.51	0.01	0.00428	0.11178		LB
2007	0.51	0.52	0.01	0.00439	0.11617		LB
2007	0.52	0.53	0.01	0.00451	0.12068		LB
2007	0.53	0.54	0.01	0.00463	0.12531		LB
2007	0.54	0.55	0.01	0.00475	0.13006		LB
2007	0.55	0.56	0.01	0.00487	0.13492		LB
2007	0.56	0.57	0.01	0.00499	0.13991		LB
2007	0.57	0.58	0.01	0.00512	0.14503		LB
2007	0.58	0.59	0.01	0.00525	0.15028		LB
2007	0.59	0.6	0.01	0.00538	0.15565		LB
2007	0.6	0.61	0.01	0.00551	0.16116		LB
2007	0.61	0.62	0.01	0.00564	0.1668		LB
2007	0.62	0.63	0.01	0.00578	0.17258		LB
2007	0.63	0.64	0.01	0.00592	0.1785		LB
2007	0.64	0.65	0.01	0.00606	0.18456		LB
2007	0.65	0.66	0.01	0.00621	0.19077		LB
2007	0.66	0.67	0.01	0.00636	0.19714		LB
2007	0.67	0.68	0.01	0.00652	0.20366		LB
2007	0.68	0.69	0.01	0.00669	0.21035		LB
2007	0.69	0.7	0.01	0.00686	0.21721		LB
2007	0.7	0.71	0.01	0.00704	0.22425		LB
2007	0.71	0.72	0.01	0.00723	0.23149		LB
2007	0.72	0.73	0.01	0.00744	0.23892		LB
2007	0.73	0.74	0.01	0.00765	0.24657		LB
2007	0.74	0.75	0.01	0.00788	0.25445		LB
2007	0.75	0.76	0.01	0.00813	0.26258		LB
2007	0.76	0.77	0.01	0.00839	0.27097		LB
2007	0.77	0.78	0.01	0.00869	0.27966		LB
2007	0.78	0.79	0.01	0.00901	0.28867		LB
2007	0.79	0.8	0.01	0.00938	0.29805		LB
2007	0.8	0.81	0.01	0.00979	0.30784		LB
2007	0.81	0.82	0.01	0.01029	0.31813		LB
2007	0.82	0.83	0.01	0.01087	0.329		LB
2007	0.83	0.84	0.01	0.01157	0.34058		LB
2007	0.84	0.85	0.01	0.01241	0.35299		LB
2007	0.85	0.86	0.01	0.0134	0.36639		LB
2007	0.86	0.87	0.01	0.01457	0.38095		LB
2007	0.87	0.88	0.01	0.01593	0.39689		LB
2007	0.88	0.89	0.01	0.0175	0.41439		LB
2007	0.89	0.9	0.01	0.01926	0.43365		LB
2007	0.9	0.91	0.01	0.0212	0.45485		LB
2007	0.91	0.92	0.01	0.0233	0.47815		LB
2007	0.92	0.93	0.01	0.02564	0.50379		LB
2007	0.93	0.94	0.01	0.02838	0.53217		LB
2007	0.94	0.95	0.01	0.03174	0.56391		LB
2007	0.95	0.96	0.01	0.03612	0.60003		LB
2007	0.96	0.97	0.01	0.04231	0.64234		LB
2007	0.97	0.98	0.01	0.05208	0.69442		LB
2007	0.98	0.99	0.01	0.06966	0.76407		LB
2007	0.99	0.991	0.001	0.0087	0.77277		LB
2007	0.991	0.992	0.001	0.00924	0.78201		LB
2007	0.992	0.993	0.001	0.00988	0.79189		LB
2007	0.993	0.994	0.001	0.01068	0.80257		LB
2007	0.994	0.995	0.001	0.01171	0.81428		LB
2007	0.995	0.996	0.001	0.01308	0.82736		LB
2007	0.996	0.997	0.001	0.01504	0.8424		LB
2007	0.997	0.998	0.001	0.01824	0.86065		LB
2007	0.998	0.999	0.001	0.02496	0.88561		LB
2007	0.999	0.9991	0.0001	0.00326	0.88887		LB
2007	0.9991	0.9992	0.0001	0.00351	0.89238		LB
2007	0.9992	0.9993	0.0001	0.00381	0.89618		LB
2007	0.9993	0.9994	0.0001	0.0042	0.90039		LB
2007	0.9994	0.9995	0.0001	0.00471	0.90509		LB
2007	0.9995	0.9996	0.0001	0.00541	0.9105		LB
2007	0.9996	0.9997	0.0001	0.00644	0.91694		LB
2007	0.9997	0.9998	0.0001	0.00819	0.92513		LB
2007	0.9998	0.9999	0.0001	0.01203	0.93716		LB
2007	0.9999	0.99991	0.00001	0.00165	0.93881		LB
2007	0.99991	0.99992	0.00001	0.00179	0.94061		LB
2007	0.99992	0.99993	0.00001	0.00198	0.94258		LB
2007	0.99993	0.99994	0.00001	0.00221	0.94479		LB
2007	0.99994	0.99995	0.00001	0.00251	0.9473		LB
2007	0.99995	0.99996	0.00001	0.00292	0.95022		LB
2007	0.99996	0.99997	0.00001	0.00353	0.95375		LB
2007	0.99997	0.99998	0.00001	0.00454	0.9583		LB
2007	0.99998	0.99999	0.00001	0.00663	0.96492		LB
2007	0.99999	1	0.00001	0.03508	1		LB
2006	0	0.01	0.01	-0.00038	-0.00038		LB
2006	0.01	0.02	0.01	0.00004	-0.00034		LB
2006	0.02	0.03	0.01	0.0003	-0.00004		LB
2006	0.03	0.04	0.01	0.00063	0.0006		LB
2006	0.04	0.05	0.01	0.00083	0.00143		LB
2006	0.05	0.06	0.01	0.00099	0.00242		LB
2006	0.06	0.07	0.01	0.00115	0.00357		LB
2006	0.07	0.08	0.01	0.00129	0.00486		LB
2006	0.08	0.09	0.01	0.00141	0.00627		LB
2006	0.09	0.1	0.01	0.00152	0.00779		LB
2006	0.1	0.11	0.01	0.0016	0.00939		LB
2006	0.11	0.12	0.01	0.00168	0.01107		LB
2006	0.12	0.13	0.01	0.00175	0.01282		LB
2006	0.13	0.14	0.01	0.00182	0.01464		LB
2006	0.14	0.15	0.01	0.0019	0.01654		LB
2006	0.15	0.16	0.01	0.00197	0.01851		LB
2006	0.16	0.17	0.01	0.00206	0.02057		LB
2006	0.17	0.18	0.01	0.00214	0.02272		LB
2006	0.18	0.19	0.01	0.00223	0.02495		LB
2006	0.19	0.2	0.01	0.00231	0.02726		LB
2006	0.2	0.21	0.01	0.00238	0.02965		LB
2006	0.21	0.22	0.01	0.00245	0.03209		LB
2006	0.22	0.23	0.01	0.0025	0.03459		LB
2006	0.23	0.24	0.01	0.00255	0.03715		LB
2006	0.24	0.25	0.01	0.00261	0.03976		LB
2006	0.25	0.26	0.01	0.00266	0.04242		LB
2006	0.26	0.27	0.01	0.00272	0.04514		LB
2006	0.27	0.28	0.01	0.00278	0.04792		LB
2006	0.28	0.29	0.01	0.00285	0.05077		LB
2006	0.29	0.3	0.01	0.00292	0.05369		LB
2006	0.3	0.31	0.01	0.003	0.05669		LB
2006	0.31	0.32	0.01	0.00308	0.05978		LB
2006	0.32	0.33	0.01	0.00316	0.06294		LB
2006	0.33	0.34	0.01	0.00325	0.06619		LB
2006	0.34	0.35	0.01	0.00333	0.06952		LB
2006	0.35	0.36	0.01	0.00342	0.07294		LB
2006	0.36	0.37	0.01	0.00351	0.07645		LB
2006	0.37	0.38	0.01	0.0036	0.08005		LB
2006	0.38	0.39	0.01	0.0037	0.08375		LB
2006	0.39	0.4	0.01	0.00379	0.08754		LB
2006	0.4	0.41	0.01	0.00389	0.09143		LB
2006	0.41	0.42	0.01	0.00399	0.09542		LB
2006	0.42	0.43	0.01	0.00409	0.09951		LB
2006	0.43	0.44	0.01	0.00419	0.1037		LB
2006	0.44	0.45	0.01	0.0043	0.108		LB
2006	0.45	0.46	0.01	0.00441	0.11241		LB
2006	0.46	0.47	0.01	0.00451	0.11692		LB
2006	0.47	0.48	0.01	0.00462	0.12155		LB
2006	0.48	0.49	0.01	0.00473	0.12628		LB
2006	0.49	0.5	0.01	0.00484	0.13112		LB
2006	0.5	0.51	0.01	0.00495	0.13607		LB
2006	0.51	0.52	0.01	0.00506	0.14113		LB
2006	0.52	0.53	0.01	0.00518	0.14631		LB
2006	0.53	0.54	0.01	0.00529	0.1516		LB
2006	0.54	0.55	0.01	0.00541	0.157		LB
2006	0.55	0.56	0.01	0.00552	0.16253		LB
2006	0.56	0.57	0.01	0.00564	0.16817		LB
2006	0.57	0.58	0.01	0.00576	0.17394		LB
2006	0.58	0.59	0.01	0.00589	0.17983		LB
2006	0.59	0.6	0.01	0.00602	0.18584		LB
2006	0.6	0.61	0.01	0.00615	0.19199		LB
2006	0.61	0.62	0.01	0.00628	0.19827		LB
2006	0.62	0.63	0.01	0.00642	0.20469		LB
2006	0.63	0.64	0.01	0.00657	0.21125		LB
2006	0.64	0.65	0.01	0.00672	0.21797		LB
2006	0.65	0.66	0.01	0.00687	0.22484		LB
2006	0.66	0.67	0.01	0.00703	0.23188		LB
2006	0.67	0.68	0.01	0.0072	0.23908		LB
2006	0.68	0.69	0.01	0.00738	0.24646		LB
2006	0.69	0.7	0.01	0.00757	0.25403		LB
2006	0.7	0.71	0.01	0.00776	0.2618		LB
2006	0.71	0.72	0.01	0.00797	0.26977		LB
2006	0.72	0.73	0.01	0.00819	0.27795		LB
2006	0.73	0.74	0.01	0.00842	0.28637		LB
2006	0.74	0.75	0.01	0.00867	0.29504		LB
2006	0.75	0.76	0.01	0.00893	0.30397		LB
2006	0.76	0.77	0.01	0.00922	0.3132		LB
2006	0.77	0.78	0.01	0.00954	0.32274		LB
2006	0.78	0.79	0.01	0.0099	0.33264		LB
2006	0.79	0.8	0.01	0.01029	0.34293		LB
2006	0.8	0.81	0.01	0.01074	0.35367		LB
2006	0.81	0.82	0.01	0.01125	0.36492		LB
2006	0.82	0.83	0.01	0.01185	0.37677		LB
2006	0.83	0.84	0.01	0.01253	0.3893		LB
2006	0.84	0.85	0.01	0.0133	0.4026		LB
2006	0.85	0.86	0.01	0.01417	0.41677		LB
2006	0.86	0.87	0.01	0.01515	0.43192		LB
2006	0.87	0.88	0.01	0.01621	0.44813		LB
2006	0.88	0.89	0.01	0.01736	0.46549		LB
2006	0.89	0.9	0.01	0.01861	0.4841		LB
2006	0.9	0.91	0.01	0.01998	0.50408		LB
2006	0.91	0.92	0.01	0.02155	0.52563		LB
2006	0.92	0.93	0.01	0.02343	0.54906		LB
2006	0.93	0.94	0.01	0.0258	0.57486		LB
2006	0.94	0.95	0.01	0.0289	0.60376		LB
2006	0.95	0.96	0.01	0.03313	0.63689		LB
2006	0.96	0.97	0.01	0.03919	0.67608		LB
2006	0.97	0.98	0.01	0.04808	0.72415		LB
2006	0.98	0.99	0.01	0.06273	0.78688		LB
2006	0.99	0.991	0.001	0.0077	0.79459		LB
2006	0.991	0.992	0.001	0.00814	0.80273		LB
2006	0.992	0.993	0.001	0.00869	0.81141		LB
2006	0.993	0.994	0.001	0.00934	0.82075		LB
2006	0.994	0.995	0.001	0.01019	0.83095		LB
2006	0.995	0.996	0.001	0.01133	0.84228		LB
2006	0.996	0.997	0.001	0.01297	0.85525		LB
2006	0.997	0.998	0.001	0.01568	0.87093		LB
2006	0.998	0.999	0.001	0.02146	0.89239		LB
2006	0.999	0.9991	0.0001	0.00281	0.89521		LB
2006	0.9991	0.9992	0.0001	0.00303	0.89824		LB
2006	0.9992	0.9993	0.0001	0.0033	0.90154		LB
2006	0.9993	0.9994	0.0001	0.00365	0.90519		LB
2006	0.9994	0.9995	0.0001	0.0041	0.9093		LB
2006	0.9995	0.9996	0.0001	0.00474	0.91403		LB
2006	0.9996	0.9997	0.0001	0.00568	0.91971		LB
2006	0.9997	0.9998	0.0001	0.00729	0.927		LB
2006	0.9998	0.9999	0.0001	0.01086	0.93786		LB
2006	0.9999	0.99991	0.00001	0.00151	0.93936		LB
2006	0.99991	0.99992	0.00001	0.00165	0.94101		LB
2006	0.99992	0.99993	0.00001	0.00182	0.94283		LB
2006	0.99993	0.99994	0.00001	0.00203	0.94486		LB
2006	0.99994	0.99995	0.00001	0.00232	0.94718		LB
2006	0.99995	0.99996	0.00001	0.00272	0.9499		LB
2006	0.99996	0.99997	0.00001	0.00331	0.95321		LB
2006	0.99997	0.99998	0.00001	0.00429	0.9575		LB
2006	0.99998	0.99999	0.00001	0.00636	0.96386		LB
2006	0.99999	1	0.00001	0.03614	1		LB
2005	0	0.01	0.01	-0.00038	-0.00038		LB
2005	0.01	0.02	0.01	0.00004	-0.00034		LB
2005	0.02	0.03	0.01	0.0003	-0.00004		LB
2005	0.03	0.04	0.01	0.00062	0.00058		LB
2005	0.04	0.05	0.01	0.00082	0.0014		LB
2005	0.05	0.06	0.01	0.00098	0.00238		LB
2005	0.06	0.07	0.01	0.00113	0.00351		LB
2005	0.07	0.08	0.01	0.00127	0.00478		LB
2005	0.08	0.09	0.01	0.00139	0.00617		LB
2005	0.09	0.1	0.01	0.00149	0.00766		LB
2005	0.1	0.11	0.01	0.00158	0.00924		LB
2005	0.11	0.12	0.01	0.00165	0.0109		LB
2005	0.12	0.13	0.01	0.00172	0.01262		LB
2005	0.13	0.14	0.01	0.00179	0.01442		LB
2005	0.14	0.15	0.01	0.00187	0.01628		LB
2005	0.15	0.16	0.01	0.00194	0.01823		LB
2005	0.16	0.17	0.01	0.00203	0.02025		LB
2005	0.17	0.18	0.01	0.00211	0.02237		LB
2005	0.18	0.19	0.01	0.0022	0.02457		LB
2005	0.19	0.2	0.01	0.00228	0.02685		LB
2005	0.2	0.21	0.01	0.00235	0.0292		LB
2005	0.21	0.22	0.01	0.00241	0.03161		LB
2005	0.22	0.23	0.01	0.00246	0.03407		LB
2005	0.23	0.24	0.01	0.00252	0.03659		LB
2005	0.24	0.25	0.01	0.00257	0.03916		LB
2005	0.25	0.26	0.01	0.00262	0.04178		LB
2005	0.26	0.27	0.01	0.00268	0.04446		LB
2005	0.27	0.28	0.01	0.00274	0.0472		LB
2005	0.28	0.29	0.01	0.00281	0.05001		LB
2005	0.29	0.3	0.01	0.00288	0.05289		LB
2005	0.3	0.31	0.01	0.00296	0.05585		LB
2005	0.31	0.32	0.01	0.00304	0.05889		LB
2005	0.32	0.33	0.01	0.00312	0.06201		LB
2005	0.33	0.34	0.01	0.0032	0.06521		LB
2005	0.34	0.35	0.01	0.00329	0.06849		LB
2005	0.35	0.36	0.01	0.00337	0.07187		LB
2005	0.36	0.37	0.01	0.00346	0.07533		LB
2005	0.37	0.38	0.01	0.00355	0.07888		LB
2005	0.38	0.39	0.01	0.00364	0.08252		LB
2005	0.39	0.4	0.01	0.00374	0.08626		LB
2005	0.4	0.41	0.01	0.00383	0.09009		LB
2005	0.41	0.42	0.01	0.00393	0.09403		LB
2005	0.42	0.43	0.01	0.00403	0.09806		LB
2005	0.43	0.44	0.01	0.00414	0.1022		LB
2005	0.44	0.45	0.01	0.00424	0.10644		LB
2005	0.45	0.46	0.01	0.00435	0.11078		LB
2005	0.46	0.47	0.01	0.00445	0.11523		LB
2005	0.47	0.48	0.01	0.00456	0.11979		LB
2005	0.48	0.49	0.01	0.00467	0.12446		LB
2005	0.49	0.5	0.01	0.00477	0.12923		LB
2005	0.5	0.51	0.01	0.00488	0.13411		LB
2005	0.51	0.52	0.01	0.00499	0.13911		LB
2005	0.52	0.53	0.01	0.0051	0.14421		LB
2005	0.53	0.54	0.01	0.00522	0.14943		LB
2005	0.54	0.55	0.01	0.00533	0.15476		LB
2005	0.55	0.56	0.01	0.00545	0.16021		LB
2005	0.56	0.57	0.01	0.00557	0.16577		LB
2005	0.57	0.58	0.01	0.00569	0.17146		LB
2005	0.58	0.59	0.01	0.00581	0.17727		LB
2005	0.59	0.6	0.01	0.00593	0.1832		LB
2005	0.6	0.61	0.01	0.00606	0.18926		LB
2005	0.61	0.62	0.01	0.0062	0.19546		LB
2005	0.62	0.63	0.01	0.00633	0.20179		LB
2005	0.63	0.64	0.01	0.00648	0.20827		LB
2005	0.64	0.65	0.01	0.00663	0.2149		LB
2005	0.65	0.66	0.01	0.00678	0.22168		LB
2005	0.66	0.67	0.01	0.00694	0.22862		LB
2005	0.67	0.68	0.01	0.00711	0.23573		LB
2005	0.68	0.69	0.01	0.00728	0.24301		LB
2005	0.69	0.7	0.01	0.00747	0.25048		LB
2005	0.7	0.71	0.01	0.00766	0.25814		LB
2005	0.71	0.72	0.01	0.00786	0.266		LB
2005	0.72	0.73	0.01	0.00808	0.27408		LB
2005	0.73	0.74	0.01	0.00831	0.28239		LB
2005	0.74	0.75	0.01	0.00855	0.29094		LB
2005	0.75	0.76	0.01	0.00882	0.29976		LB
2005	0.76	0.77	0.01	0.00911	0.30886		LB
2005	0.77	0.78	0.01	0.00942	0.31828		LB
2005	0.78	0.79	0.01	0.00977	0.32805		LB
2005	0.79	0.8	0.01	0.01016	0.33822		LB
2005	0.8	0.81	0.01	0.01061	0.34883		LB
2005	0.81	0.82	0.01	0.01113	0.35995		LB
2005	0.82	0.83	0.01	0.01172	0.37168		LB
2005	0.83	0.84	0.01	0.01241	0.38409		LB
2005	0.84	0.85	0.01	0.0132	0.39729		LB
2005	0.85	0.86	0.01	0.01409	0.41138		LB
2005	0.86	0.87	0.01	0.01508	0.42646		LB
2005	0.87	0.88	0.01	0.01617	0.44263		LB
2005	0.88	0.89	0.01	0.01736	0.45999		LB
2005	0.89	0.9	0.01	0.01864	0.47863		LB
2005	0.9	0.91	0.01	0.02005	0.49868		LB
2005	0.91	0.92	0.01	0.02166	0.52034		LB
2005	0.92	0.93	0.01	0.02358	0.54392		LB
2005	0.93	0.94	0.01	0.02599	0.56991		LB
2005	0.94	0.95	0.01	0.02914	0.59905		LB
2005	0.95	0.96	0.01	0.03346	0.63251		LB
2005	0.96	0.97	0.01	0.03963	0.67214		LB
2005	0.97	0.98	0.01	0.04868	0.72082		LB
2005	0.98	0.99	0.01	0.0635	0.78432		LB
2005	0.99	1	0.01	0.21568	1		LB
