year	low	high	width	share	cumul	# sptinc992j	country
2014	0	0.01	0.01	0.00093	0.00093		MY
2014	0.01	0.02	0.01	0.00129	0.00222		MY
2014	0.02	0.03	0.01	0.00148	0.0037		MY
2014	0.03	0.04	0.01	0.00165	0.00535		MY
2014	0.04	0.05	0.01	0.0018	0.00715		MY
2014	0.05	0.06	0.01	0.00193	0.00908		MY
2014	0.06	0.07	0.01	0.00205	0.01113		MY
2014	0.07	0.08	0.01	0.00217	0.0133		MY
2014	0.08	0.09	0.01	0.00227	0.01557		MY
2014	0.09	0.1	0.01	0.00237	0.01794		MY
2014	0.1	0.11	0.01	0.00247	0.02041		MY
2014	0.11	0.12	0.01	0.00257	0.02298		MY
2014	0.12	0.13	0.01	0.00267	0.02565		MY
2014	0.13	0.14	0.01	0.00277	0.02842		MY
2014	0.14	0.15	0.01	0.00286	0.03128		MY
2014	0.15	0.16	0.01	0.00295	0.03423		MY
2014	0.16	0.17	0.01	0.00304	0.03728		MY
2014	0.17	0.18	0.01	0.00314	0.04041		MY
2014	0.18	0.19	0.01	0.00323	0.04364		MY
2014	0.19	0.2	0.01	0.00332	0.04696		MY
2014	0.2	0.21	0.01	0.00341	0.05037		MY
2014	0.21	0.22	0.01	0.0035	0.05387		MY
2014	0.22	0.23	0.01	0.00359	0.05746		MY
2014	0.23	0.24	0.01	0.00368	0.06114		MY
2014	0.24	0.25	0.01	0.00377	0.06491		MY
2014	0.25	0.26	0.01	0.00387	0.06878		MY
2014	0.26	0.27	0.01	0.00396	0.07274		MY
2014	0.27	0.28	0.01	0.00404	0.07678		MY
2014	0.28	0.29	0.01	0.00413	0.08091		MY
2014	0.29	0.3	0.01	0.00423	0.08514		MY
2014	0.3	0.31	0.01	0.00432	0.08946		MY
2014	0.31	0.32	0.01	0.00441	0.09388		MY
2014	0.32	0.33	0.01	0.0045	0.09838		MY
2014	0.33	0.34	0.01	0.0046	0.10298		MY
2014	0.34	0.35	0.01	0.00469	0.10767		MY
2014	0.35	0.36	0.01	0.00479	0.11246		MY
2014	0.36	0.37	0.01	0.00489	0.11735		MY
2014	0.37	0.38	0.01	0.00499	0.12234		MY
2014	0.38	0.39	0.01	0.0051	0.12744		MY
2014	0.39	0.4	0.01	0.0052	0.13264		MY
2014	0.4	0.41	0.01	0.0053	0.13794		MY
2014	0.41	0.42	0.01	0.00541	0.14336		MY
2014	0.42	0.43	0.01	0.00553	0.14888		MY
2014	0.43	0.44	0.01	0.00563	0.15451		MY
2014	0.44	0.45	0.01	0.00574	0.16025		MY
2014	0.45	0.46	0.01	0.00585	0.1661		MY
2014	0.46	0.47	0.01	0.00596	0.17206		MY
2014	0.47	0.48	0.01	0.00608	0.17815		MY
2014	0.48	0.49	0.01	0.00619	0.18434		MY
2014	0.49	0.5	0.01	0.00631	0.19065		MY
2014	0.5	0.51	0.01	0.00644	0.19708		MY
2014	0.51	0.52	0.01	0.00656	0.20365		MY
2014	0.52	0.53	0.01	0.0067	0.21034		MY
2014	0.53	0.54	0.01	0.00683	0.21717		MY
2014	0.54	0.55	0.01	0.00696	0.22414		MY
2014	0.55	0.56	0.01	0.0071	0.23124		MY
2014	0.56	0.57	0.01	0.00724	0.23848		MY
2014	0.57	0.58	0.01	0.00739	0.24588		MY
2014	0.58	0.59	0.01	0.00755	0.25342		MY
2014	0.59	0.6	0.01	0.00771	0.26113		MY
2014	0.6	0.61	0.01	0.00788	0.26901		MY
2014	0.61	0.62	0.01	0.00805	0.27706		MY
2014	0.62	0.63	0.01	0.00824	0.2853		MY
2014	0.63	0.64	0.01	0.00841	0.29371		MY
2014	0.64	0.65	0.01	0.00859	0.30229		MY
2014	0.65	0.66	0.01	0.00877	0.31106		MY
2014	0.66	0.67	0.01	0.00895	0.32001		MY
2014	0.67	0.68	0.01	0.00914	0.32915		MY
2014	0.68	0.69	0.01	0.00933	0.33848		MY
2014	0.69	0.7	0.01	0.00956	0.34804		MY
2014	0.7	0.71	0.01	0.00979	0.35783		MY
2014	0.71	0.72	0.01	0.01002	0.36785		MY
2014	0.72	0.73	0.01	0.01025	0.37811		MY
2014	0.73	0.74	0.01	0.01051	0.38862		MY
2014	0.74	0.75	0.01	0.01077	0.39939		MY
2014	0.75	0.76	0.01	0.01104	0.41043		MY
2014	0.76	0.77	0.01	0.01131	0.42174		MY
2014	0.77	0.78	0.01	0.01163	0.43337		MY
2014	0.78	0.79	0.01	0.01194	0.44531		MY
2014	0.79	0.8	0.01	0.01228	0.45759		MY
2014	0.8	0.81	0.01	0.01263	0.47023		MY
2014	0.81	0.82	0.01	0.01303	0.48325		MY
2014	0.82	0.83	0.01	0.01344	0.49669		MY
2014	0.83	0.84	0.01	0.01386	0.51056		MY
2014	0.84	0.85	0.01	0.01435	0.52491		MY
2014	0.85	0.86	0.01	0.0149	0.53981		MY
2014	0.86	0.87	0.01	0.0155	0.55531		MY
2014	0.87	0.88	0.01	0.01614	0.57145		MY
2014	0.88	0.89	0.01	0.01686	0.5883		MY
2014	0.89	0.9	0.01	0.01762	0.60593		MY
2014	0.9	0.91	0.01	0.01852	0.62444		MY
2014	0.91	0.92	0.01	0.01964	0.64408		MY
2014	0.92	0.93	0.01	0.02095	0.66503		MY
2014	0.93	0.94	0.01	0.02265	0.68768		MY
2014	0.94	0.95	0.01	0.0246	0.71228		MY
2014	0.95	0.96	0.01	0.02709	0.73936		MY
2014	0.96	0.97	0.01	0.0305	0.76987		MY
2014	0.97	0.98	0.01	0.03623	0.80609		MY
2014	0.98	0.99	0.01	0.04842	0.85452		MY
2014	0.99	0.991	0.001	0.0062	0.86072		MY
2014	0.991	0.992	0.001	0.00668	0.8674		MY
2014	0.992	0.993	0.001	0.00724	0.87463		MY
2014	0.993	0.994	0.001	0.00781	0.88244		MY
2014	0.994	0.995	0.001	0.00857	0.89101		MY
2014	0.995	0.996	0.001	0.00977	0.90077		MY
2014	0.996	0.997	0.001	0.01118	0.91195		MY
2014	0.997	0.998	0.001	0.01361	0.92556		MY
2014	0.998	0.999	0.001	0.01808	0.94364		MY
2014	0.999	0.9991	0.0001	0.00226	0.9459		MY
2014	0.9991	0.9992	0.0001	0.00239	0.94829		MY
2014	0.9992	0.9993	0.0001	0.00255	0.95083		MY
2014	0.9993	0.9994	0.0001	0.00275	0.95358		MY
2014	0.9994	0.9995	0.0001	0.00301	0.95659		MY
2014	0.9995	0.9996	0.0001	0.00336	0.95995		MY
2014	0.9996	0.9997	0.0001	0.00389	0.96384		MY
2014	0.9997	0.9998	0.0001	0.00475	0.96859		MY
2014	0.9998	0.9999	0.0001	0.00657	0.97516		MY
2014	0.9999	0.99991	0.00001	0.00086	0.97602		MY
2014	0.99991	0.99992	0.00001	0.00092	0.97694		MY
2014	0.99992	0.99993	0.00001	0.001	0.97794		MY
2014	0.99993	0.99994	0.00001	0.00109	0.97903		MY
2014	0.99994	0.99995	0.00001	0.00122	0.98025		MY
2014	0.99995	0.99996	0.00001	0.00139	0.98164		MY
2014	0.99996	0.99997	0.00001	0.00164	0.98328		MY
2014	0.99997	0.99998	0.00001	0.00206	0.98534		MY
2014	0.99998	0.99999	0.00001	0.00293	0.98827		MY
2014	0.99999	1	0.00001	0.01173	1		MY
2012	0	0.01	0.01	0.00082	0.00082		MY
2012	0.01	0.02	0.01	0.00111	0.00194		MY
2012	0.02	0.03	0.01	0.00127	0.00321		MY
2012	0.03	0.04	0.01	0.00141	0.00462		MY
2012	0.04	0.05	0.01	0.00153	0.00615		MY
2012	0.05	0.06	0.01	0.00165	0.0078		MY
2012	0.06	0.07	0.01	0.00176	0.00956		MY
2012	0.07	0.08	0.01	0.00187	0.01143		MY
2012	0.08	0.09	0.01	0.00197	0.01341		MY
2012	0.09	0.1	0.01	0.00207	0.01547		MY
2012	0.1	0.11	0.01	0.00216	0.01763		MY
2012	0.11	0.12	0.01	0.00224	0.01987		MY
2012	0.12	0.13	0.01	0.00233	0.02219		MY
2012	0.13	0.14	0.01	0.00241	0.0246		MY
2012	0.14	0.15	0.01	0.00249	0.02709		MY
2012	0.15	0.16	0.01	0.00257	0.02966		MY
2012	0.16	0.17	0.01	0.00265	0.03232		MY
2012	0.17	0.18	0.01	0.00274	0.03505		MY
2012	0.18	0.19	0.01	0.00282	0.03787		MY
2012	0.19	0.2	0.01	0.0029	0.04077		MY
2012	0.2	0.21	0.01	0.00298	0.04374		MY
2012	0.21	0.22	0.01	0.00306	0.0468		MY
2012	0.22	0.23	0.01	0.00314	0.04995		MY
2012	0.23	0.24	0.01	0.00324	0.05318		MY
2012	0.24	0.25	0.01	0.00333	0.05651		MY
2012	0.25	0.26	0.01	0.00342	0.05992		MY
2012	0.26	0.27	0.01	0.00351	0.06344		MY
2012	0.27	0.28	0.01	0.00361	0.06705		MY
2012	0.28	0.29	0.01	0.00371	0.07076		MY
2012	0.29	0.3	0.01	0.00381	0.07457		MY
2012	0.3	0.31	0.01	0.0039	0.07847		MY
2012	0.31	0.32	0.01	0.00398	0.08245		MY
2012	0.32	0.33	0.01	0.00407	0.08652		MY
2012	0.33	0.34	0.01	0.00417	0.09069		MY
2012	0.34	0.35	0.01	0.00427	0.09495		MY
2012	0.35	0.36	0.01	0.00437	0.09932		MY
2012	0.36	0.37	0.01	0.00447	0.10379		MY
2012	0.37	0.38	0.01	0.00457	0.10836		MY
2012	0.38	0.39	0.01	0.00468	0.11303		MY
2012	0.39	0.4	0.01	0.00478	0.11781		MY
2012	0.4	0.41	0.01	0.00487	0.12268		MY
2012	0.41	0.42	0.01	0.00498	0.12767		MY
2012	0.42	0.43	0.01	0.00509	0.13275		MY
2012	0.43	0.44	0.01	0.0052	0.13795		MY
2012	0.44	0.45	0.01	0.00531	0.14326		MY
2012	0.45	0.46	0.01	0.00542	0.14869		MY
2012	0.46	0.47	0.01	0.00555	0.15424		MY
2012	0.47	0.48	0.01	0.00568	0.15992		MY
2012	0.48	0.49	0.01	0.00581	0.16573		MY
2012	0.49	0.5	0.01	0.00594	0.17167		MY
2012	0.5	0.51	0.01	0.00607	0.17774		MY
2012	0.51	0.52	0.01	0.0062	0.18394		MY
2012	0.52	0.53	0.01	0.00634	0.19027		MY
2012	0.53	0.54	0.01	0.00648	0.19675		MY
2012	0.54	0.55	0.01	0.00662	0.20337		MY
2012	0.55	0.56	0.01	0.00676	0.21012		MY
2012	0.56	0.57	0.01	0.00691	0.21703		MY
2012	0.57	0.58	0.01	0.00706	0.22409		MY
2012	0.58	0.59	0.01	0.00722	0.23131		MY
2012	0.59	0.6	0.01	0.00738	0.23869		MY
2012	0.6	0.61	0.01	0.00754	0.24623		MY
2012	0.61	0.62	0.01	0.00772	0.25395		MY
2012	0.62	0.63	0.01	0.0079	0.26185		MY
2012	0.63	0.64	0.01	0.00809	0.26994		MY
2012	0.64	0.65	0.01	0.00829	0.27823		MY
2012	0.65	0.66	0.01	0.0085	0.28672		MY
2012	0.66	0.67	0.01	0.00873	0.29545		MY
2012	0.67	0.68	0.01	0.00895	0.3044		MY
2012	0.68	0.69	0.01	0.00918	0.31359		MY
2012	0.69	0.7	0.01	0.00944	0.32303		MY
2012	0.7	0.71	0.01	0.00968	0.3327		MY
2012	0.71	0.72	0.01	0.00993	0.34263		MY
2012	0.72	0.73	0.01	0.01018	0.3528		MY
2012	0.73	0.74	0.01	0.01046	0.36326		MY
2012	0.74	0.75	0.01	0.01075	0.37401		MY
2012	0.75	0.76	0.01	0.01106	0.38507		MY
2012	0.76	0.77	0.01	0.01137	0.39644		MY
2012	0.77	0.78	0.01	0.0117	0.40813		MY
2012	0.78	0.79	0.01	0.01204	0.42017		MY
2012	0.79	0.8	0.01	0.01239	0.43256		MY
2012	0.8	0.81	0.01	0.01276	0.44533		MY
2012	0.81	0.82	0.01	0.01315	0.45848		MY
2012	0.82	0.83	0.01	0.01362	0.4721		MY
2012	0.83	0.84	0.01	0.0141	0.4862		MY
2012	0.84	0.85	0.01	0.01466	0.50086		MY
2012	0.85	0.86	0.01	0.0152	0.51607		MY
2012	0.86	0.87	0.01	0.0158	0.53187		MY
2012	0.87	0.88	0.01	0.01653	0.5484		MY
2012	0.88	0.89	0.01	0.01725	0.56565		MY
2012	0.89	0.9	0.01	0.01811	0.58376		MY
2012	0.9	0.91	0.01	0.0191	0.60286		MY
2012	0.91	0.92	0.01	0.02023	0.6231		MY
2012	0.92	0.93	0.01	0.02153	0.64463		MY
2012	0.93	0.94	0.01	0.02304	0.66767		MY
2012	0.94	0.95	0.01	0.02488	0.69255		MY
2012	0.95	0.96	0.01	0.02724	0.71979		MY
2012	0.96	0.97	0.01	0.03112	0.75091		MY
2012	0.97	0.98	0.01	0.03748	0.78839		MY
2012	0.98	0.99	0.01	0.05006	0.83845		MY
2012	0.99	0.991	0.001	0.00644	0.84489		MY
2012	0.991	0.992	0.001	0.0068	0.85169		MY
2012	0.992	0.993	0.001	0.00745	0.85913		MY
2012	0.993	0.994	0.001	0.00829	0.86743		MY
2012	0.994	0.995	0.001	0.00902	0.87645		MY
2012	0.995	0.996	0.001	0.01014	0.88659		MY
2012	0.996	0.997	0.001	0.01232	0.89891		MY
2012	0.997	0.998	0.001	0.0161	0.91501		MY
2012	0.998	0.999	0.001	0.02277	0.93778		MY
2012	0.999	0.9991	0.0001	0.00313	0.94091		MY
2012	0.9991	0.9992	0.0001	0.00336	0.94427		MY
2012	0.9992	0.9993	0.0001	0.00363	0.9479		MY
2012	0.9993	0.9994	0.0001	0.00396	0.95186		MY
2012	0.9994	0.9995	0.0001	0.00436	0.95622		MY
2012	0.9995	0.9996	0.0001	0.00488	0.9611		MY
2012	0.9996	0.9997	0.0001	0.00559	0.9667		MY
2012	0.9997	0.9998	0.0001	0.00667	0.97337		MY
2012	0.9998	0.9999	0.0001	0.00864	0.98201		MY
2012	0.9999	0.99991	0.00001	0.00106	0.98306		MY
2012	0.99991	0.99992	0.00001	0.00111	0.98418		MY
2012	0.99992	0.99993	0.00001	0.00118	0.98535		MY
2012	0.99993	0.99994	0.00001	0.00125	0.98661		MY
2012	0.99994	0.99995	0.00001	0.00135	0.98796		MY
2012	0.99995	0.99996	0.00001	0.00148	0.98944		MY
2012	0.99996	0.99997	0.00001	0.00165	0.99109		MY
2012	0.99997	0.99998	0.00001	0.00191	0.99299		MY
2012	0.99998	0.99999	0.00001	0.00238	0.99537		MY
2012	0.99999	1	0.00001	0.00463	1		MY
2009	0	0.01	0.01	0.00079	0.00079		MY
2009	0.01	0.02	0.01	0.00103	0.00182		MY
2009	0.02	0.03	0.01	0.00116	0.00298		MY
2009	0.03	0.04	0.01	0.00128	0.00426		MY
2009	0.04	0.05	0.01	0.00139	0.00565		MY
2009	0.05	0.06	0.01	0.00149	0.00713		MY
2009	0.06	0.07	0.01	0.00157	0.0087		MY
2009	0.07	0.08	0.01	0.00166	0.01037		MY
2009	0.08	0.09	0.01	0.00174	0.01211		MY
2009	0.09	0.1	0.01	0.00183	0.01394		MY
2009	0.1	0.11	0.01	0.0019	0.01584		MY
2009	0.11	0.12	0.01	0.00198	0.01783		MY
2009	0.12	0.13	0.01	0.00207	0.01989		MY
2009	0.13	0.14	0.01	0.00215	0.02204		MY
2009	0.14	0.15	0.01	0.00223	0.02427		MY
2009	0.15	0.16	0.01	0.00232	0.02659		MY
2009	0.16	0.17	0.01	0.00241	0.029		MY
2009	0.17	0.18	0.01	0.00249	0.03149		MY
2009	0.18	0.19	0.01	0.00257	0.03406		MY
2009	0.19	0.2	0.01	0.00265	0.03671		MY
2009	0.2	0.21	0.01	0.00273	0.03945		MY
2009	0.21	0.22	0.01	0.00282	0.04226		MY
2009	0.22	0.23	0.01	0.00289	0.04516		MY
2009	0.23	0.24	0.01	0.00297	0.04813		MY
2009	0.24	0.25	0.01	0.00305	0.05118		MY
2009	0.25	0.26	0.01	0.00314	0.05432		MY
2009	0.26	0.27	0.01	0.00323	0.05755		MY
2009	0.27	0.28	0.01	0.00332	0.06087		MY
2009	0.28	0.29	0.01	0.00341	0.06428		MY
2009	0.29	0.3	0.01	0.0035	0.06778		MY
2009	0.3	0.31	0.01	0.00359	0.07137		MY
2009	0.31	0.32	0.01	0.00368	0.07505		MY
2009	0.32	0.33	0.01	0.00377	0.07881		MY
2009	0.33	0.34	0.01	0.00386	0.08267		MY
2009	0.34	0.35	0.01	0.00396	0.08663		MY
2009	0.35	0.36	0.01	0.00406	0.0907		MY
2009	0.36	0.37	0.01	0.00416	0.09485		MY
2009	0.37	0.38	0.01	0.00425	0.0991		MY
2009	0.38	0.39	0.01	0.00436	0.10346		MY
2009	0.39	0.4	0.01	0.00447	0.10793		MY
2009	0.4	0.41	0.01	0.00458	0.11252		MY
2009	0.41	0.42	0.01	0.00469	0.1172		MY
2009	0.42	0.43	0.01	0.00479	0.122		MY
2009	0.43	0.44	0.01	0.0049	0.12689		MY
2009	0.44	0.45	0.01	0.005	0.13189		MY
2009	0.45	0.46	0.01	0.00511	0.137		MY
2009	0.46	0.47	0.01	0.00523	0.14224		MY
2009	0.47	0.48	0.01	0.00536	0.1476		MY
2009	0.48	0.49	0.01	0.00549	0.15309		MY
2009	0.49	0.5	0.01	0.00562	0.15871		MY
2009	0.5	0.51	0.01	0.00575	0.16446		MY
2009	0.51	0.52	0.01	0.00589	0.17035		MY
2009	0.52	0.53	0.01	0.00603	0.17638		MY
2009	0.53	0.54	0.01	0.00617	0.18255		MY
2009	0.54	0.55	0.01	0.00632	0.18887		MY
2009	0.55	0.56	0.01	0.00648	0.19535		MY
2009	0.56	0.57	0.01	0.00663	0.20198		MY
2009	0.57	0.58	0.01	0.0068	0.20878		MY
2009	0.58	0.59	0.01	0.00697	0.21576		MY
2009	0.59	0.6	0.01	0.00714	0.22289		MY
2009	0.6	0.61	0.01	0.00732	0.23022		MY
2009	0.61	0.62	0.01	0.00749	0.23771		MY
2009	0.62	0.63	0.01	0.00768	0.24539		MY
2009	0.63	0.64	0.01	0.00789	0.25328		MY
2009	0.64	0.65	0.01	0.00807	0.26135		MY
2009	0.65	0.66	0.01	0.00826	0.26961		MY
2009	0.66	0.67	0.01	0.00846	0.27806		MY
2009	0.67	0.68	0.01	0.00866	0.28672		MY
2009	0.68	0.69	0.01	0.00888	0.29561		MY
2009	0.69	0.7	0.01	0.00912	0.30473		MY
2009	0.7	0.71	0.01	0.00938	0.31411		MY
2009	0.71	0.72	0.01	0.00963	0.32374		MY
2009	0.72	0.73	0.01	0.00988	0.33362		MY
2009	0.73	0.74	0.01	0.01014	0.34376		MY
2009	0.74	0.75	0.01	0.01041	0.35417		MY
2009	0.75	0.76	0.01	0.01072	0.36489		MY
2009	0.76	0.77	0.01	0.01104	0.37592		MY
2009	0.77	0.78	0.01	0.0114	0.38732		MY
2009	0.78	0.79	0.01	0.01177	0.39909		MY
2009	0.79	0.8	0.01	0.01217	0.41126		MY
2009	0.8	0.81	0.01	0.01256	0.42382		MY
2009	0.81	0.82	0.01	0.01296	0.43679		MY
2009	0.82	0.83	0.01	0.01343	0.45022		MY
2009	0.83	0.84	0.01	0.01393	0.46415		MY
2009	0.84	0.85	0.01	0.01446	0.47862		MY
2009	0.85	0.86	0.01	0.01505	0.49367		MY
2009	0.86	0.87	0.01	0.01564	0.50931		MY
2009	0.87	0.88	0.01	0.01635	0.52567		MY
2009	0.88	0.89	0.01	0.01709	0.54275		MY
2009	0.89	0.9	0.01	0.01798	0.56073		MY
2009	0.9	0.91	0.01	0.01906	0.57979		MY
2009	0.91	0.92	0.01	0.02028	0.60007		MY
2009	0.92	0.93	0.01	0.02169	0.62176		MY
2009	0.93	0.94	0.01	0.02332	0.64508		MY
2009	0.94	0.95	0.01	0.0255	0.67058		MY
2009	0.95	0.96	0.01	0.02835	0.69893		MY
2009	0.96	0.97	0.01	0.03235	0.73128		MY
2009	0.97	0.98	0.01	0.03893	0.77021		MY
2009	0.98	0.99	0.01	0.0522	0.82241		MY
2009	0.99	0.991	0.001	0.00659	0.829		MY
2009	0.991	0.992	0.001	0.00705	0.83604		MY
2009	0.992	0.993	0.001	0.00759	0.84363		MY
2009	0.993	0.994	0.001	0.00848	0.85211		MY
2009	0.994	0.995	0.001	0.00934	0.86146		MY
2009	0.995	0.996	0.001	0.01043	0.87189		MY
2009	0.996	0.997	0.001	0.01177	0.88366		MY
2009	0.997	0.998	0.001	0.01435	0.89801		MY
2009	0.998	0.999	0.001	0.01944	0.91745		MY
2009	0.999	0.9991	0.0001	0.00239	0.91984		MY
2009	0.9991	0.9992	0.0001	0.00254	0.92238		MY
2009	0.9992	0.9993	0.0001	0.00273	0.92512		MY
2009	0.9993	0.9994	0.0001	0.00297	0.92809		MY
2009	0.9994	0.9995	0.0001	0.00329	0.93138		MY
2009	0.9995	0.9996	0.0001	0.00373	0.93511		MY
2009	0.9996	0.9997	0.0001	0.00439	0.9395		MY
2009	0.9997	0.9998	0.0001	0.00553	0.94503		MY
2009	0.9998	0.9999	0.0001	0.00803	0.95306		MY
2009	0.9999	0.99991	0.00001	0.00109	0.95415		MY
2009	0.99991	0.99992	0.00001	0.00119	0.95534		MY
2009	0.99992	0.99993	0.00001	0.0013	0.95664		MY
2009	0.99993	0.99994	0.00001	0.00145	0.95809		MY
2009	0.99994	0.99995	0.00001	0.00164	0.95973		MY
2009	0.99995	0.99996	0.00001	0.00191	0.96164		MY
2009	0.99996	0.99997	0.00001	0.00232	0.96396		MY
2009	0.99997	0.99998	0.00001	0.00302	0.96698		MY
2009	0.99998	0.99999	0.00001	0.00456	0.97154		MY
2009	0.99999	1	0.00001	0.02846	1		MY
2007	0	0.01	0.01	0.00067	0.00067		MY
2007	0.01	0.02	0.01	0.00093	0.0016		MY
2007	0.02	0.03	0.01	0.00111	0.0027		MY
2007	0.03	0.04	0.01	0.00124	0.00394		MY
2007	0.04	0.05	0.01	0.00135	0.00529		MY
2007	0.05	0.06	0.01	0.00145	0.00674		MY
2007	0.06	0.07	0.01	0.00153	0.00827		MY
2007	0.07	0.08	0.01	0.00161	0.00988		MY
2007	0.08	0.09	0.01	0.0017	0.01159		MY
2007	0.09	0.1	0.01	0.00178	0.01337		MY
2007	0.1	0.11	0.01	0.00186	0.01523		MY
2007	0.11	0.12	0.01	0.00195	0.01717		MY
2007	0.12	0.13	0.01	0.00203	0.0192		MY
2007	0.13	0.14	0.01	0.0021	0.0213		MY
2007	0.14	0.15	0.01	0.00217	0.02347		MY
2007	0.15	0.16	0.01	0.00224	0.02571		MY
2007	0.16	0.17	0.01	0.00232	0.02803		MY
2007	0.17	0.18	0.01	0.00239	0.03043		MY
2007	0.18	0.19	0.01	0.00247	0.0329		MY
2007	0.19	0.2	0.01	0.00255	0.03544		MY
2007	0.2	0.21	0.01	0.00263	0.03807		MY
2007	0.21	0.22	0.01	0.00271	0.04079		MY
2007	0.22	0.23	0.01	0.00279	0.04358		MY
2007	0.23	0.24	0.01	0.00287	0.04645		MY
2007	0.24	0.25	0.01	0.00295	0.0494		MY
2007	0.25	0.26	0.01	0.00303	0.05243		MY
2007	0.26	0.27	0.01	0.00311	0.05554		MY
2007	0.27	0.28	0.01	0.00319	0.05873		MY
2007	0.28	0.29	0.01	0.00328	0.062		MY
2007	0.29	0.3	0.01	0.00335	0.06536		MY
2007	0.3	0.31	0.01	0.00344	0.0688		MY
2007	0.31	0.32	0.01	0.00353	0.07232		MY
2007	0.32	0.33	0.01	0.00361	0.07594		MY
2007	0.33	0.34	0.01	0.00371	0.07965		MY
2007	0.34	0.35	0.01	0.00381	0.08346		MY
2007	0.35	0.36	0.01	0.0039	0.08736		MY
2007	0.36	0.37	0.01	0.004	0.09136		MY
2007	0.37	0.38	0.01	0.0041	0.09546		MY
2007	0.38	0.39	0.01	0.00419	0.09965		MY
2007	0.39	0.4	0.01	0.00429	0.10394		MY
2007	0.4	0.41	0.01	0.00438	0.10833		MY
2007	0.41	0.42	0.01	0.00449	0.11282		MY
2007	0.42	0.43	0.01	0.0046	0.11742		MY
2007	0.43	0.44	0.01	0.00471	0.12212		MY
2007	0.44	0.45	0.01	0.00481	0.12693		MY
2007	0.45	0.46	0.01	0.00491	0.13183		MY
2007	0.46	0.47	0.01	0.00501	0.13684		MY
2007	0.47	0.48	0.01	0.00511	0.14195		MY
2007	0.48	0.49	0.01	0.00522	0.14717		MY
2007	0.49	0.5	0.01	0.00534	0.15251		MY
2007	0.5	0.51	0.01	0.00547	0.15799		MY
2007	0.51	0.52	0.01	0.0056	0.16358		MY
2007	0.52	0.53	0.01	0.00573	0.16931		MY
2007	0.53	0.54	0.01	0.00586	0.17517		MY
2007	0.54	0.55	0.01	0.00599	0.18117		MY
2007	0.55	0.56	0.01	0.00614	0.18731		MY
2007	0.56	0.57	0.01	0.00629	0.1936		MY
2007	0.57	0.58	0.01	0.00645	0.20005		MY
2007	0.58	0.59	0.01	0.00662	0.20668		MY
2007	0.59	0.6	0.01	0.00679	0.21347		MY
2007	0.6	0.61	0.01	0.00697	0.22044		MY
2007	0.61	0.62	0.01	0.00714	0.22758		MY
2007	0.62	0.63	0.01	0.00732	0.2349		MY
2007	0.63	0.64	0.01	0.0075	0.2424		MY
2007	0.64	0.65	0.01	0.0077	0.2501		MY
2007	0.65	0.66	0.01	0.00791	0.25801		MY
2007	0.66	0.67	0.01	0.00813	0.26614		MY
2007	0.67	0.68	0.01	0.00834	0.27448		MY
2007	0.68	0.69	0.01	0.00858	0.28307		MY
2007	0.69	0.7	0.01	0.00883	0.2919		MY
2007	0.7	0.71	0.01	0.00906	0.30096		MY
2007	0.71	0.72	0.01	0.0093	0.31026		MY
2007	0.72	0.73	0.01	0.00958	0.31985		MY
2007	0.73	0.74	0.01	0.00987	0.32972		MY
2007	0.74	0.75	0.01	0.01016	0.33987		MY
2007	0.75	0.76	0.01	0.01046	0.35034		MY
2007	0.76	0.77	0.01	0.01078	0.36112		MY
2007	0.77	0.78	0.01	0.01111	0.37223		MY
2007	0.78	0.79	0.01	0.01146	0.3837		MY
2007	0.79	0.8	0.01	0.01187	0.39557		MY
2007	0.8	0.81	0.01	0.01223	0.4078		MY
2007	0.81	0.82	0.01	0.01264	0.42045		MY
2007	0.82	0.83	0.01	0.01315	0.43359		MY
2007	0.83	0.84	0.01	0.01366	0.44725		MY
2007	0.84	0.85	0.01	0.0142	0.46145		MY
2007	0.85	0.86	0.01	0.01478	0.47623		MY
2007	0.86	0.87	0.01	0.01547	0.49171		MY
2007	0.87	0.88	0.01	0.01627	0.50798		MY
2007	0.88	0.89	0.01	0.01724	0.52522		MY
2007	0.89	0.9	0.01	0.01807	0.54329		MY
2007	0.9	0.91	0.01	0.01894	0.56223		MY
2007	0.91	0.92	0.01	0.02012	0.58235		MY
2007	0.92	0.93	0.01	0.02202	0.60436		MY
2007	0.93	0.94	0.01	0.02412	0.62849		MY
2007	0.94	0.95	0.01	0.02625	0.65474		MY
2007	0.95	0.96	0.01	0.03002	0.68475		MY
2007	0.96	0.97	0.01	0.03476	0.71951		MY
2007	0.97	0.98	0.01	0.04252	0.76203		MY
2007	0.98	0.99	0.01	0.05952	0.82155		MY
2007	0.99	0.991	0.001	0.00781	0.82937		MY
2007	0.991	0.992	0.001	0.00834	0.83771		MY
2007	0.992	0.993	0.001	0.00891	0.84662		MY
2007	0.993	0.994	0.001	0.00968	0.8563		MY
2007	0.994	0.995	0.001	0.01067	0.86697		MY
2007	0.995	0.996	0.001	0.0122	0.87917		MY
2007	0.996	0.997	0.001	0.01428	0.89344		MY
2007	0.997	0.998	0.001	0.01802	0.91146		MY
2007	0.998	0.999	0.001	0.02503	0.93649		MY
2007	0.999	0.9991	0.0001	0.00319	0.93967		MY
2007	0.9991	0.9992	0.0001	0.0034	0.94307		MY
2007	0.9992	0.9993	0.0001	0.00365	0.94672		MY
2007	0.9993	0.9994	0.0001	0.00396	0.95068		MY
2007	0.9994	0.9995	0.0001	0.00434	0.95502		MY
2007	0.9995	0.9996	0.0001	0.00484	0.95986		MY
2007	0.9996	0.9997	0.0001	0.00553	0.96539		MY
2007	0.9997	0.9998	0.0001	0.0066	0.97199		MY
2007	0.9998	0.9999	0.0001	0.00861	0.9806		MY
2007	0.9999	0.99991	0.00001	0.00106	0.98167		MY
2007	0.99991	0.99992	0.00001	0.00112	0.98279		MY
2007	0.99992	0.99993	0.00001	0.00119	0.98398		MY
2007	0.99993	0.99994	0.00001	0.00128	0.98525		MY
2007	0.99994	0.99995	0.00001	0.00138	0.98664		MY
2007	0.99995	0.99996	0.00001	0.00152	0.98816		MY
2007	0.99996	0.99997	0.00001	0.00171	0.98987		MY
2007	0.99997	0.99998	0.00001	0.00201	0.99188		MY
2007	0.99998	0.99999	0.00001	0.00257	0.99444		MY
2007	0.99999	1	0.00001	0.00556	1		MY
2004	0	0.01	0.01	0.00071	0.00071		MY
2004	0.01	0.02	0.01	0.00095	0.00166		MY
2004	0.02	0.03	0.01	0.0011	0.00276		MY
2004	0.03	0.04	0.01	0.00123	0.00399		MY
2004	0.04	0.05	0.01	0.00133	0.00532		MY
2004	0.05	0.06	0.01	0.00143	0.00675		MY
2004	0.06	0.07	0.01	0.00153	0.00828		MY
2004	0.07	0.08	0.01	0.00162	0.0099		MY
2004	0.08	0.09	0.01	0.0017	0.0116		MY
2004	0.09	0.1	0.01	0.00179	0.01339		MY
2004	0.1	0.11	0.01	0.00188	0.01527		MY
2004	0.11	0.12	0.01	0.00197	0.01723		MY
2004	0.12	0.13	0.01	0.00205	0.01928		MY
2004	0.13	0.14	0.01	0.00212	0.0214		MY
2004	0.14	0.15	0.01	0.0022	0.02361		MY
2004	0.15	0.16	0.01	0.00229	0.0259		MY
2004	0.16	0.17	0.01	0.00238	0.02829		MY
2004	0.17	0.18	0.01	0.00247	0.03076		MY
2004	0.18	0.19	0.01	0.00255	0.0333		MY
2004	0.19	0.2	0.01	0.00263	0.03593		MY
2004	0.2	0.21	0.01	0.00271	0.03864		MY
2004	0.21	0.22	0.01	0.00279	0.04142		MY
2004	0.22	0.23	0.01	0.00286	0.04428		MY
2004	0.23	0.24	0.01	0.00295	0.04723		MY
2004	0.24	0.25	0.01	0.00304	0.05027		MY
2004	0.25	0.26	0.01	0.00313	0.05341		MY
2004	0.26	0.27	0.01	0.00323	0.05663		MY
2004	0.27	0.28	0.01	0.00332	0.05995		MY
2004	0.28	0.29	0.01	0.0034	0.06335		MY
2004	0.29	0.3	0.01	0.00347	0.06682		MY
2004	0.3	0.31	0.01	0.00356	0.07039		MY
2004	0.31	0.32	0.01	0.00366	0.07404		MY
2004	0.32	0.33	0.01	0.00375	0.07779		MY
2004	0.33	0.34	0.01	0.00384	0.08163		MY
2004	0.34	0.35	0.01	0.00393	0.08555		MY
2004	0.35	0.36	0.01	0.00401	0.08957		MY
2004	0.36	0.37	0.01	0.0041	0.09367		MY
2004	0.37	0.38	0.01	0.0042	0.09787		MY
2004	0.38	0.39	0.01	0.0043	0.10218		MY
2004	0.39	0.4	0.01	0.0044	0.10658		MY
2004	0.4	0.41	0.01	0.00451	0.11109		MY
2004	0.41	0.42	0.01	0.00461	0.1157		MY
2004	0.42	0.43	0.01	0.00473	0.12043		MY
2004	0.43	0.44	0.01	0.00485	0.12527		MY
2004	0.44	0.45	0.01	0.00496	0.13023		MY
2004	0.45	0.46	0.01	0.00507	0.13531		MY
2004	0.46	0.47	0.01	0.0052	0.1405		MY
2004	0.47	0.48	0.01	0.00531	0.14582		MY
2004	0.48	0.49	0.01	0.00542	0.15124		MY
2004	0.49	0.5	0.01	0.00555	0.15679		MY
2004	0.5	0.51	0.01	0.00568	0.16247		MY
2004	0.51	0.52	0.01	0.00581	0.16828		MY
2004	0.52	0.53	0.01	0.00597	0.17425		MY
2004	0.53	0.54	0.01	0.00611	0.18036		MY
2004	0.54	0.55	0.01	0.00625	0.18662		MY
2004	0.55	0.56	0.01	0.0064	0.19302		MY
2004	0.56	0.57	0.01	0.00654	0.19956		MY
2004	0.57	0.58	0.01	0.0067	0.20625		MY
2004	0.58	0.59	0.01	0.00685	0.21311		MY
2004	0.59	0.6	0.01	0.007	0.2201		MY
2004	0.6	0.61	0.01	0.00716	0.22726		MY
2004	0.61	0.62	0.01	0.00734	0.2346		MY
2004	0.62	0.63	0.01	0.0075	0.2421		MY
2004	0.63	0.64	0.01	0.00767	0.24977		MY
2004	0.64	0.65	0.01	0.00787	0.25764		MY
2004	0.65	0.66	0.01	0.00808	0.26572		MY
2004	0.66	0.67	0.01	0.0083	0.27402		MY
2004	0.67	0.68	0.01	0.00855	0.28257		MY
2004	0.68	0.69	0.01	0.00878	0.29135		MY
2004	0.69	0.7	0.01	0.00901	0.30036		MY
2004	0.7	0.71	0.01	0.00924	0.3096		MY
2004	0.71	0.72	0.01	0.00952	0.31912		MY
2004	0.72	0.73	0.01	0.00978	0.3289		MY
2004	0.73	0.74	0.01	0.01006	0.33896		MY
2004	0.74	0.75	0.01	0.01037	0.34933		MY
2004	0.75	0.76	0.01	0.0107	0.36004		MY
2004	0.76	0.77	0.01	0.01103	0.37106		MY
2004	0.77	0.78	0.01	0.01138	0.38244		MY
2004	0.78	0.79	0.01	0.01173	0.39417		MY
2004	0.79	0.8	0.01	0.0121	0.40627		MY
2004	0.8	0.81	0.01	0.0125	0.41877		MY
2004	0.81	0.82	0.01	0.01294	0.43171		MY
2004	0.82	0.83	0.01	0.01339	0.4451		MY
2004	0.83	0.84	0.01	0.01395	0.45905		MY
2004	0.84	0.85	0.01	0.01457	0.47362		MY
2004	0.85	0.86	0.01	0.01517	0.48879		MY
2004	0.86	0.87	0.01	0.01589	0.50468		MY
2004	0.87	0.88	0.01	0.01663	0.52131		MY
2004	0.88	0.89	0.01	0.01742	0.53874		MY
2004	0.89	0.9	0.01	0.01839	0.55713		MY
2004	0.9	0.91	0.01	0.01943	0.57656		MY
2004	0.91	0.92	0.01	0.02069	0.59725		MY
2004	0.92	0.93	0.01	0.02222	0.61947		MY
2004	0.93	0.94	0.01	0.02394	0.64341		MY
2004	0.94	0.95	0.01	0.02624	0.66965		MY
2004	0.95	0.96	0.01	0.02962	0.69927		MY
2004	0.96	0.97	0.01	0.03427	0.73353		MY
2004	0.97	0.98	0.01	0.04224	0.77578		MY
2004	0.98	0.99	0.01	0.05774	0.83352		MY
2004	0.99	0.991	0.001	0.00758	0.8411		MY
2004	0.991	0.992	0.001	0.00801	0.8491		MY
2004	0.992	0.993	0.001	0.00861	0.85772		MY
2004	0.993	0.994	0.001	0.00926	0.86697		MY
2004	0.994	0.995	0.001	0.00993	0.8769		MY
2004	0.995	0.996	0.001	0.01088	0.88778		MY
2004	0.996	0.997	0.001	0.01227	0.90005		MY
2004	0.997	0.998	0.001	0.01569	0.91574		MY
2004	0.998	0.999	0.001	0.02308	0.93882		MY
2004	0.999	0.9991	0.0001	0.00324	0.94207		MY
2004	0.9991	0.9992	0.0001	0.00349	0.94555		MY
2004	0.9992	0.9993	0.0001	0.00377	0.94933		MY
2004	0.9993	0.9994	0.0001	0.00411	0.95344		MY
2004	0.9994	0.9995	0.0001	0.00452	0.95796		MY
2004	0.9995	0.9996	0.0001	0.00505	0.96301		MY
2004	0.9996	0.9997	0.0001	0.00575	0.96877		MY
2004	0.9997	0.9998	0.0001	0.00678	0.97555		MY
2004	0.9998	0.9999	0.0001	0.00859	0.98414		MY
2004	0.9999	0.99991	0.00001	0.00103	0.98517		MY
2004	0.99991	0.99992	0.00001	0.00108	0.98625		MY
2004	0.99992	0.99993	0.00001	0.00113	0.98738		MY
2004	0.99993	0.99994	0.00001	0.0012	0.98858		MY
2004	0.99994	0.99995	0.00001	0.00128	0.98985		MY
2004	0.99995	0.99996	0.00001	0.00138	0.99123		MY
2004	0.99996	0.99997	0.00001	0.00152	0.99275		MY
2004	0.99997	0.99998	0.00001	0.00171	0.99446		MY
2004	0.99998	0.99999	0.00001	0.00206	0.99653		MY
2004	0.99999	1	0.00001	0.00347	1		MY
2002	0	0.01	0.01	0.00071	0.00071		MY
2002	0.01	0.02	0.01	0.001	0.00171		MY
2002	0.02	0.03	0.01	0.00116	0.00287		MY
2002	0.03	0.04	0.01	0.00128	0.00415		MY
2002	0.04	0.05	0.01	0.00139	0.00555		MY
2002	0.05	0.06	0.01	0.0015	0.00704		MY
2002	0.06	0.07	0.01	0.00159	0.00863		MY
2002	0.07	0.08	0.01	0.00168	0.01031		MY
2002	0.08	0.09	0.01	0.00178	0.01209		MY
2002	0.09	0.1	0.01	0.00186	0.01395		MY
2002	0.1	0.11	0.01	0.00194	0.01589		MY
2002	0.11	0.12	0.01	0.00202	0.01791		MY
2002	0.12	0.13	0.01	0.0021	0.02001		MY
2002	0.13	0.14	0.01	0.00219	0.0222		MY
2002	0.14	0.15	0.01	0.00227	0.02448		MY
2002	0.15	0.16	0.01	0.00237	0.02684		MY
2002	0.16	0.17	0.01	0.00245	0.02929		MY
2002	0.17	0.18	0.01	0.00253	0.03182		MY
2002	0.18	0.19	0.01	0.00261	0.03444		MY
2002	0.19	0.2	0.01	0.00269	0.03713		MY
2002	0.2	0.21	0.01	0.00277	0.0399		MY
2002	0.21	0.22	0.01	0.00286	0.04276		MY
2002	0.22	0.23	0.01	0.00294	0.0457		MY
2002	0.23	0.24	0.01	0.00303	0.04873		MY
2002	0.24	0.25	0.01	0.0031	0.05183		MY
2002	0.25	0.26	0.01	0.00318	0.05501		MY
2002	0.26	0.27	0.01	0.00326	0.05827		MY
2002	0.27	0.28	0.01	0.00335	0.06162		MY
2002	0.28	0.29	0.01	0.00343	0.06504		MY
2002	0.29	0.3	0.01	0.00351	0.06856		MY
2002	0.3	0.31	0.01	0.0036	0.07215		MY
2002	0.31	0.32	0.01	0.00368	0.07584		MY
2002	0.32	0.33	0.01	0.00378	0.07961		MY
2002	0.33	0.34	0.01	0.00387	0.08348		MY
2002	0.34	0.35	0.01	0.00397	0.08745		MY
2002	0.35	0.36	0.01	0.00406	0.09152		MY
2002	0.36	0.37	0.01	0.00416	0.09568		MY
2002	0.37	0.38	0.01	0.00425	0.09994		MY
2002	0.38	0.39	0.01	0.00436	0.1043		MY
2002	0.39	0.4	0.01	0.00448	0.10878		MY
2002	0.4	0.41	0.01	0.00459	0.11337		MY
2002	0.41	0.42	0.01	0.00469	0.11806		MY
2002	0.42	0.43	0.01	0.0048	0.12286		MY
2002	0.43	0.44	0.01	0.00491	0.12777		MY
2002	0.44	0.45	0.01	0.00503	0.1328		MY
2002	0.45	0.46	0.01	0.00514	0.13794		MY
2002	0.46	0.47	0.01	0.00526	0.14319		MY
2002	0.47	0.48	0.01	0.00538	0.14857		MY
2002	0.48	0.49	0.01	0.0055	0.15407		MY
2002	0.49	0.5	0.01	0.00563	0.1597		MY
2002	0.5	0.51	0.01	0.00575	0.16545		MY
2002	0.51	0.52	0.01	0.00587	0.17131		MY
2002	0.52	0.53	0.01	0.00599	0.17731		MY
2002	0.53	0.54	0.01	0.00613	0.18343		MY
2002	0.54	0.55	0.01	0.00628	0.18971		MY
2002	0.55	0.56	0.01	0.00644	0.19615		MY
2002	0.56	0.57	0.01	0.00659	0.20274		MY
2002	0.57	0.58	0.01	0.00674	0.20948		MY
2002	0.58	0.59	0.01	0.0069	0.21638		MY
2002	0.59	0.6	0.01	0.00705	0.22343		MY
2002	0.6	0.61	0.01	0.00721	0.23064		MY
2002	0.61	0.62	0.01	0.00738	0.23802		MY
2002	0.62	0.63	0.01	0.00755	0.24556		MY
2002	0.63	0.64	0.01	0.00771	0.25328		MY
2002	0.64	0.65	0.01	0.00791	0.26118		MY
2002	0.65	0.66	0.01	0.0081	0.26928		MY
2002	0.66	0.67	0.01	0.00832	0.2776		MY
2002	0.67	0.68	0.01	0.00852	0.28612		MY
2002	0.68	0.69	0.01	0.00873	0.29485		MY
2002	0.69	0.7	0.01	0.00895	0.3038		MY
2002	0.7	0.71	0.01	0.00919	0.31298		MY
2002	0.71	0.72	0.01	0.00941	0.32239		MY
2002	0.72	0.73	0.01	0.00968	0.33207		MY
2002	0.73	0.74	0.01	0.00996	0.34203		MY
2002	0.74	0.75	0.01	0.01026	0.35229		MY
2002	0.75	0.76	0.01	0.01057	0.36286		MY
2002	0.76	0.77	0.01	0.01088	0.37374		MY
2002	0.77	0.78	0.01	0.01121	0.38495		MY
2002	0.78	0.79	0.01	0.01159	0.39653		MY
2002	0.79	0.8	0.01	0.012	0.40853		MY
2002	0.8	0.81	0.01	0.0124	0.42093		MY
2002	0.81	0.82	0.01	0.01277	0.4337		MY
2002	0.82	0.83	0.01	0.01318	0.44688		MY
2002	0.83	0.84	0.01	0.01371	0.46059		MY
2002	0.84	0.85	0.01	0.01427	0.47485		MY
2002	0.85	0.86	0.01	0.01484	0.48969		MY
2002	0.86	0.87	0.01	0.01548	0.50517		MY
2002	0.87	0.88	0.01	0.01621	0.52138		MY
2002	0.88	0.89	0.01	0.01709	0.53847		MY
2002	0.89	0.9	0.01	0.01807	0.55654		MY
2002	0.9	0.91	0.01	0.01913	0.57567		MY
2002	0.91	0.92	0.01	0.02035	0.59602		MY
2002	0.92	0.93	0.01	0.02165	0.61766		MY
2002	0.93	0.94	0.01	0.02326	0.64093		MY
2002	0.94	0.95	0.01	0.02535	0.66628		MY
2002	0.95	0.96	0.01	0.02837	0.69465		MY
2002	0.96	0.97	0.01	0.0322	0.72685		MY
2002	0.97	0.98	0.01	0.03829	0.76514		MY
2002	0.98	0.99	0.01	0.04956	0.8147		MY
2002	0.99	0.991	0.001	0.00615	0.82084		MY
2002	0.991	0.992	0.001	0.00652	0.82736		MY
2002	0.992	0.993	0.001	0.00692	0.83429		MY
2002	0.993	0.994	0.001	0.00753	0.84181		MY
2002	0.994	0.995	0.001	0.00852	0.85033		MY
2002	0.995	0.996	0.001	0.00994	0.86027		MY
2002	0.996	0.997	0.001	0.01169	0.87197		MY
2002	0.997	0.998	0.001	0.01456	0.88653		MY
2002	0.998	0.999	0.001	0.02022	0.90675		MY
2002	0.999	0.9991	0.0001	0.00288	0.90963		MY
2002	0.9991	0.9992	0.0001	0.00311	0.91274		MY
2002	0.9992	0.9993	0.0001	0.00341	0.91615		MY
2002	0.9993	0.9994	0.0001	0.00377	0.91992		MY
2002	0.9994	0.9995	0.0001	0.00425	0.92418		MY
2002	0.9995	0.9996	0.0001	0.00491	0.92909		MY
2002	0.9996	0.9997	0.0001	0.00587	0.93496		MY
2002	0.9997	0.9998	0.0001	0.00748	0.94244		MY
2002	0.9998	0.9999	0.0001	0.01087	0.95331		MY
2002	0.9999	0.99991	0.00001	0.00146	0.95478		MY
2002	0.99991	0.99992	0.00001	0.00158	0.95636		MY
2002	0.99992	0.99993	0.00001	0.00173	0.95809		MY
2002	0.99993	0.99994	0.00001	0.00191	0.96		MY
2002	0.99994	0.99995	0.00001	0.00215	0.96215		MY
2002	0.99995	0.99996	0.00001	0.00247	0.96463		MY
2002	0.99996	0.99997	0.00001	0.00295	0.96758		MY
2002	0.99997	0.99998	0.00001	0.00375	0.97133		MY
2002	0.99998	0.99999	0.00001	0.00544	0.97677		MY
2002	0.99999	1	0.00001	0.02323	1		MY
