year	low	high	width	share	cumul	# sptinc992j	country
2011	0	0.01	0.01	0.00017	0.00017		PS
2011	0.01	0.02	0.01	0.0006	0.00077		PS
2011	0.02	0.03	0.01	0.00083	0.00161		PS
2011	0.03	0.04	0.01	0.00095	0.00255		PS
2011	0.04	0.05	0.01	0.00102	0.00357		PS
2011	0.05	0.06	0.01	0.00112	0.00469		PS
2011	0.06	0.07	0.01	0.00122	0.00591		PS
2011	0.07	0.08	0.01	0.00131	0.00722		PS
2011	0.08	0.09	0.01	0.00139	0.00861		PS
2011	0.09	0.1	0.01	0.00147	0.01008		PS
2011	0.1	0.11	0.01	0.00155	0.01163		PS
2011	0.11	0.12	0.01	0.00163	0.01326		PS
2011	0.12	0.13	0.01	0.00169	0.01495		PS
2011	0.13	0.14	0.01	0.00176	0.01672		PS
2011	0.14	0.15	0.01	0.00184	0.01856		PS
2011	0.15	0.16	0.01	0.00192	0.02048		PS
2011	0.16	0.17	0.01	0.00201	0.02249		PS
2011	0.17	0.18	0.01	0.00209	0.02458		PS
2011	0.18	0.19	0.01	0.00217	0.02675		PS
2011	0.19	0.2	0.01	0.00225	0.029		PS
2011	0.2	0.21	0.01	0.00232	0.03132		PS
2011	0.21	0.22	0.01	0.0024	0.03372		PS
2011	0.22	0.23	0.01	0.00248	0.0362		PS
2011	0.23	0.24	0.01	0.00256	0.03876		PS
2011	0.24	0.25	0.01	0.00263	0.04139		PS
2011	0.25	0.26	0.01	0.0027	0.04409		PS
2011	0.26	0.27	0.01	0.00279	0.04688		PS
2011	0.27	0.28	0.01	0.00288	0.04975		PS
2011	0.28	0.29	0.01	0.00297	0.05272		PS
2011	0.29	0.3	0.01	0.00305	0.05577		PS
2011	0.3	0.31	0.01	0.00314	0.05891		PS
2011	0.31	0.32	0.01	0.00322	0.06213		PS
2011	0.32	0.33	0.01	0.00331	0.06544		PS
2011	0.33	0.34	0.01	0.00339	0.06882		PS
2011	0.34	0.35	0.01	0.00346	0.07229		PS
2011	0.35	0.36	0.01	0.00354	0.07583		PS
2011	0.36	0.37	0.01	0.00363	0.07946		PS
2011	0.37	0.38	0.01	0.00371	0.08316		PS
2011	0.38	0.39	0.01	0.00379	0.08695		PS
2011	0.39	0.4	0.01	0.00387	0.09083		PS
2011	0.4	0.41	0.01	0.00396	0.09479		PS
2011	0.41	0.42	0.01	0.00406	0.09884		PS
2011	0.42	0.43	0.01	0.00415	0.103		PS
2011	0.43	0.44	0.01	0.00426	0.10726		PS
2011	0.44	0.45	0.01	0.00436	0.11161		PS
2011	0.45	0.46	0.01	0.00446	0.11607		PS
2011	0.46	0.47	0.01	0.00456	0.12062		PS
2011	0.47	0.48	0.01	0.00466	0.12529		PS
2011	0.48	0.49	0.01	0.00477	0.13006		PS
2011	0.49	0.5	0.01	0.00489	0.13494		PS
2011	0.5	0.51	0.01	0.005	0.13995		PS
2011	0.51	0.52	0.01	0.00512	0.14507		PS
2011	0.52	0.53	0.01	0.00525	0.15032		PS
2011	0.53	0.54	0.01	0.00538	0.1557		PS
2011	0.54	0.55	0.01	0.00551	0.16121		PS
2011	0.55	0.56	0.01	0.00565	0.16686		PS
2011	0.56	0.57	0.01	0.00578	0.17264		PS
2011	0.57	0.58	0.01	0.00592	0.17855		PS
2011	0.58	0.59	0.01	0.00605	0.1846		PS
2011	0.59	0.6	0.01	0.00618	0.19078		PS
2011	0.6	0.61	0.01	0.00631	0.19709		PS
2011	0.61	0.62	0.01	0.00645	0.20354		PS
2011	0.62	0.63	0.01	0.0066	0.21013		PS
2011	0.63	0.64	0.01	0.00675	0.21688		PS
2011	0.64	0.65	0.01	0.0069	0.22378		PS
2011	0.65	0.66	0.01	0.00706	0.23084		PS
2011	0.66	0.67	0.01	0.00722	0.23807		PS
2011	0.67	0.68	0.01	0.00739	0.24546		PS
2011	0.68	0.69	0.01	0.00756	0.25302		PS
2011	0.69	0.7	0.01	0.00774	0.26076		PS
2011	0.7	0.71	0.01	0.00793	0.26869		PS
2011	0.71	0.72	0.01	0.00813	0.27682		PS
2011	0.72	0.73	0.01	0.00833	0.28515		PS
2011	0.73	0.74	0.01	0.00853	0.29369		PS
2011	0.74	0.75	0.01	0.00874	0.30243		PS
2011	0.75	0.76	0.01	0.00896	0.31138		PS
2011	0.76	0.77	0.01	0.00919	0.32058		PS
2011	0.77	0.78	0.01	0.00946	0.33003		PS
2011	0.78	0.79	0.01	0.00974	0.33978		PS
2011	0.79	0.8	0.01	0.01007	0.34984		PS
2011	0.8	0.81	0.01	0.01045	0.3603		PS
2011	0.81	0.82	0.01	0.01095	0.37124		PS
2011	0.82	0.83	0.01	0.01159	0.38283		PS
2011	0.83	0.84	0.01	0.01236	0.39519		PS
2011	0.84	0.85	0.01	0.01326	0.40845		PS
2011	0.85	0.86	0.01	0.01426	0.42271		PS
2011	0.86	0.87	0.01	0.01549	0.4382		PS
2011	0.87	0.88	0.01	0.01699	0.45519		PS
2011	0.88	0.89	0.01	0.0188	0.47399		PS
2011	0.89	0.9	0.01	0.02087	0.49486		PS
2011	0.9	0.91	0.01	0.0232	0.51806		PS
2011	0.91	0.92	0.01	0.02578	0.54384		PS
2011	0.92	0.93	0.01	0.02855	0.57239		PS
2011	0.93	0.94	0.01	0.0316	0.60399		PS
2011	0.94	0.95	0.01	0.03537	0.63936		PS
2011	0.95	0.96	0.01	0.04009	0.67945		PS
2011	0.96	0.97	0.01	0.04537	0.72482		PS
2011	0.97	0.98	0.01	0.05239	0.77721		PS
2011	0.98	0.99	0.01	0.06465	0.84186		PS
2011	0.99	0.991	0.001	0.0076	0.84946		PS
2011	0.991	0.992	0.001	0.00796	0.85741		PS
2011	0.992	0.993	0.001	0.00838	0.86579		PS
2011	0.993	0.994	0.001	0.00891	0.8747		PS
2011	0.994	0.995	0.001	0.0096	0.88429		PS
2011	0.995	0.996	0.001	0.01051	0.8948		PS
2011	0.996	0.997	0.001	0.01185	0.90665		PS
2011	0.997	0.998	0.001	0.01402	0.92067		PS
2011	0.998	0.999	0.001	0.01851	0.93918		PS
2011	0.999	0.9991	0.0001	0.00234	0.94152		PS
2011	0.9991	0.9992	0.0001	0.0025	0.94402		PS
2011	0.9992	0.9993	0.0001	0.00268	0.9467		PS
2011	0.9993	0.9994	0.0001	0.00292	0.94962		PS
2011	0.9994	0.9995	0.0001	0.00322	0.95284		PS
2011	0.9995	0.9996	0.0001	0.00363	0.95647		PS
2011	0.9996	0.9997	0.0001	0.00424	0.96072		PS
2011	0.9997	0.9998	0.0001	0.00525	0.96596		PS
2011	0.9998	0.9999	0.0001	0.00737	0.97333		PS
2011	0.9999	0.99991	0.00001	0.00097	0.9743		PS
2011	0.99991	0.99992	0.00001	0.00104	0.97534		PS
2011	0.99992	0.99993	0.00001	0.00113	0.97648		PS
2011	0.99993	0.99994	0.00001	0.00125	0.97772		PS
2011	0.99994	0.99995	0.00001	0.00139	0.97912		PS
2011	0.99995	0.99996	0.00001	0.00159	0.98071		PS
2011	0.99996	0.99997	0.00001	0.00188	0.98259		PS
2011	0.99997	0.99998	0.00001	0.00236	0.98494		PS
2011	0.99998	0.99999	0.00001	0.00334	0.98828		PS
2011	0.99999	1	0.00001	0.01172	1		PS
2010	0	0.01	0.01	0.00024	0.00024		PS
2010	0.01	0.02	0.01	0.00058	0.00082		PS
2010	0.02	0.03	0.01	0.00078	0.0016		PS
2010	0.03	0.04	0.01	0.00089	0.00249		PS
2010	0.04	0.05	0.01	0.00098	0.00347		PS
2010	0.05	0.06	0.01	0.00107	0.00454		PS
2010	0.06	0.07	0.01	0.00115	0.00569		PS
2010	0.07	0.08	0.01	0.00124	0.00693		PS
2010	0.08	0.09	0.01	0.00132	0.00825		PS
2010	0.09	0.1	0.01	0.00141	0.00965		PS
2010	0.1	0.11	0.01	0.00149	0.01114		PS
2010	0.11	0.12	0.01	0.00157	0.01271		PS
2010	0.12	0.13	0.01	0.00165	0.01435		PS
2010	0.13	0.14	0.01	0.00173	0.01609		PS
2010	0.14	0.15	0.01	0.00181	0.0179		PS
2010	0.15	0.16	0.01	0.00188	0.01978		PS
2010	0.16	0.17	0.01	0.00196	0.02174		PS
2010	0.17	0.18	0.01	0.00205	0.02379		PS
2010	0.18	0.19	0.01	0.00213	0.02592		PS
2010	0.19	0.2	0.01	0.0022	0.02812		PS
2010	0.2	0.21	0.01	0.00226	0.03037		PS
2010	0.21	0.22	0.01	0.00233	0.0327		PS
2010	0.22	0.23	0.01	0.0024	0.0351		PS
2010	0.23	0.24	0.01	0.00246	0.03756		PS
2010	0.24	0.25	0.01	0.00251	0.04007		PS
2010	0.25	0.26	0.01	0.00258	0.04265		PS
2010	0.26	0.27	0.01	0.00265	0.0453		PS
2010	0.27	0.28	0.01	0.00273	0.04803		PS
2010	0.28	0.29	0.01	0.0028	0.05083		PS
2010	0.29	0.3	0.01	0.00288	0.05371		PS
2010	0.3	0.31	0.01	0.00296	0.05667		PS
2010	0.31	0.32	0.01	0.00304	0.05971		PS
2010	0.32	0.33	0.01	0.00313	0.06284		PS
2010	0.33	0.34	0.01	0.00322	0.06606		PS
2010	0.34	0.35	0.01	0.00331	0.06936		PS
2010	0.35	0.36	0.01	0.00339	0.07275		PS
2010	0.36	0.37	0.01	0.00347	0.07623		PS
2010	0.37	0.38	0.01	0.00357	0.07979		PS
2010	0.38	0.39	0.01	0.00366	0.08345		PS
2010	0.39	0.4	0.01	0.00374	0.08719		PS
2010	0.4	0.41	0.01	0.00383	0.09102		PS
2010	0.41	0.42	0.01	0.00392	0.09494		PS
2010	0.42	0.43	0.01	0.00402	0.09896		PS
2010	0.43	0.44	0.01	0.00411	0.10307		PS
2010	0.44	0.45	0.01	0.0042	0.10727		PS
2010	0.45	0.46	0.01	0.0043	0.11157		PS
2010	0.46	0.47	0.01	0.0044	0.11596		PS
2010	0.47	0.48	0.01	0.0045	0.12046		PS
2010	0.48	0.49	0.01	0.0046	0.12506		PS
2010	0.49	0.5	0.01	0.0047	0.12977		PS
2010	0.5	0.51	0.01	0.00481	0.13458		PS
2010	0.51	0.52	0.01	0.00492	0.13949		PS
2010	0.52	0.53	0.01	0.00503	0.14452		PS
2010	0.53	0.54	0.01	0.00515	0.14967		PS
2010	0.54	0.55	0.01	0.00526	0.15493		PS
2010	0.55	0.56	0.01	0.00538	0.16031		PS
2010	0.56	0.57	0.01	0.0055	0.1658		PS
2010	0.57	0.58	0.01	0.00562	0.17143		PS
2010	0.58	0.59	0.01	0.00575	0.17718		PS
2010	0.59	0.6	0.01	0.00589	0.18307		PS
2010	0.6	0.61	0.01	0.00602	0.18909		PS
2010	0.61	0.62	0.01	0.00615	0.19524		PS
2010	0.62	0.63	0.01	0.00629	0.20153		PS
2010	0.63	0.64	0.01	0.00643	0.20796		PS
2010	0.64	0.65	0.01	0.00658	0.21454		PS
2010	0.65	0.66	0.01	0.00674	0.22127		PS
2010	0.66	0.67	0.01	0.0069	0.22818		PS
2010	0.67	0.68	0.01	0.00708	0.23525		PS
2010	0.68	0.69	0.01	0.00726	0.24251		PS
2010	0.69	0.7	0.01	0.00744	0.24995		PS
2010	0.7	0.71	0.01	0.00763	0.25758		PS
2010	0.71	0.72	0.01	0.00782	0.2654		PS
2010	0.72	0.73	0.01	0.00802	0.27343		PS
2010	0.73	0.74	0.01	0.00824	0.28167		PS
2010	0.74	0.75	0.01	0.00847	0.29013		PS
2010	0.75	0.76	0.01	0.00871	0.29884		PS
2010	0.76	0.77	0.01	0.00897	0.30781		PS
2010	0.77	0.78	0.01	0.00926	0.31707		PS
2010	0.78	0.79	0.01	0.00957	0.32664		PS
2010	0.79	0.8	0.01	0.00992	0.33656		PS
2010	0.8	0.81	0.01	0.01032	0.34688		PS
2010	0.81	0.82	0.01	0.01078	0.35766		PS
2010	0.82	0.83	0.01	0.01138	0.36904		PS
2010	0.83	0.84	0.01	0.01211	0.38115		PS
2010	0.84	0.85	0.01	0.013	0.39414		PS
2010	0.85	0.86	0.01	0.01404	0.40818		PS
2010	0.86	0.87	0.01	0.01532	0.4235		PS
2010	0.87	0.88	0.01	0.01685	0.44035		PS
2010	0.88	0.89	0.01	0.01865	0.459		PS
2010	0.89	0.9	0.01	0.02067	0.47967		PS
2010	0.9	0.91	0.01	0.02291	0.50257		PS
2010	0.91	0.92	0.01	0.02544	0.52801		PS
2010	0.92	0.93	0.01	0.02833	0.55634		PS
2010	0.93	0.94	0.01	0.03173	0.58807		PS
2010	0.94	0.95	0.01	0.03596	0.62403		PS
2010	0.95	0.96	0.01	0.04088	0.66492		PS
2010	0.96	0.97	0.01	0.04638	0.71129		PS
2010	0.97	0.98	0.01	0.05373	0.76502		PS
2010	0.98	0.99	0.01	0.0665	0.83152		PS
2010	0.99	0.991	0.001	0.008	0.83951		PS
2010	0.991	0.992	0.001	0.0084	0.84792		PS
2010	0.992	0.993	0.001	0.00889	0.85681		PS
2010	0.993	0.994	0.001	0.00949	0.8663		PS
2010	0.994	0.995	0.001	0.01027	0.87657		PS
2010	0.995	0.996	0.001	0.0113	0.88787		PS
2010	0.996	0.997	0.001	0.0128	0.90067		PS
2010	0.997	0.998	0.001	0.01523	0.9159		PS
2010	0.998	0.999	0.001	0.02019	0.93609		PS
2010	0.999	0.9991	0.0001	0.00256	0.93865		PS
2010	0.9991	0.9992	0.0001	0.00272	0.94137		PS
2010	0.9992	0.9993	0.0001	0.00293	0.9443		PS
2010	0.9993	0.9994	0.0001	0.00318	0.94748		PS
2010	0.9994	0.9995	0.0001	0.00351	0.95098		PS
2010	0.9995	0.9996	0.0001	0.00395	0.95494		PS
2010	0.9996	0.9997	0.0001	0.0046	0.95953		PS
2010	0.9997	0.9998	0.0001	0.00566	0.96519		PS
2010	0.9998	0.9999	0.0001	0.00788	0.97307		PS
2010	0.9999	0.99991	0.00001	0.00103	0.9741		PS
2010	0.99991	0.99992	0.00001	0.00111	0.97521		PS
2010	0.99992	0.99993	0.00001	0.0012	0.9764		PS
2010	0.99993	0.99994	0.00001	0.00131	0.97772		PS
2010	0.99994	0.99995	0.00001	0.00146	0.97918		PS
2010	0.99995	0.99996	0.00001	0.00166	0.98084		PS
2010	0.99996	0.99997	0.00001	0.00195	0.98279		PS
2010	0.99997	0.99998	0.00001	0.00243	0.98523		PS
2010	0.99998	0.99999	0.00001	0.00341	0.98864		PS
2010	0.99999	1	0.00001	0.01136	1		PS
2008	0	0.01	0.01	0.00027	0.00027		PS
2008	0.01	0.02	0.01	0.00063	0.0009		PS
2008	0.02	0.03	0.01	0.00084	0.00174		PS
2008	0.03	0.04	0.01	0.00096	0.0027		PS
2008	0.04	0.05	0.01	0.00105	0.00375		PS
2008	0.05	0.06	0.01	0.00114	0.00489		PS
2008	0.06	0.07	0.01	0.00124	0.00613		PS
2008	0.07	0.08	0.01	0.00133	0.00746		PS
2008	0.08	0.09	0.01	0.00142	0.00888		PS
2008	0.09	0.1	0.01	0.00151	0.01039		PS
2008	0.1	0.11	0.01	0.00161	0.012		PS
2008	0.11	0.12	0.01	0.0017	0.01371		PS
2008	0.12	0.13	0.01	0.00178	0.01548		PS
2008	0.13	0.14	0.01	0.00185	0.01733		PS
2008	0.14	0.15	0.01	0.00192	0.01925		PS
2008	0.15	0.16	0.01	0.002	0.02126		PS
2008	0.16	0.17	0.01	0.00208	0.02334		PS
2008	0.17	0.18	0.01	0.00216	0.0255		PS
2008	0.18	0.19	0.01	0.00223	0.02773		PS
2008	0.19	0.2	0.01	0.00229	0.03002		PS
2008	0.2	0.21	0.01	0.00235	0.03237		PS
2008	0.21	0.22	0.01	0.00243	0.0348		PS
2008	0.22	0.23	0.01	0.00251	0.03731		PS
2008	0.23	0.24	0.01	0.00258	0.0399		PS
2008	0.24	0.25	0.01	0.00264	0.04254		PS
2008	0.25	0.26	0.01	0.00269	0.04523		PS
2008	0.26	0.27	0.01	0.00276	0.04799		PS
2008	0.27	0.28	0.01	0.00283	0.05082		PS
2008	0.28	0.29	0.01	0.00291	0.05373		PS
2008	0.29	0.3	0.01	0.00298	0.05671		PS
2008	0.3	0.31	0.01	0.00307	0.05978		PS
2008	0.31	0.32	0.01	0.00315	0.06293		PS
2008	0.32	0.33	0.01	0.00324	0.06617		PS
2008	0.33	0.34	0.01	0.00333	0.06949		PS
2008	0.34	0.35	0.01	0.00341	0.07291		PS
2008	0.35	0.36	0.01	0.0035	0.07641		PS
2008	0.36	0.37	0.01	0.00359	0.08		PS
2008	0.37	0.38	0.01	0.00368	0.08368		PS
2008	0.38	0.39	0.01	0.00378	0.08746		PS
2008	0.39	0.4	0.01	0.00387	0.09132		PS
2008	0.4	0.41	0.01	0.00396	0.09529		PS
2008	0.41	0.42	0.01	0.00407	0.09936		PS
2008	0.42	0.43	0.01	0.00419	0.10356		PS
2008	0.43	0.44	0.01	0.0043	0.10786		PS
2008	0.44	0.45	0.01	0.0044	0.11226		PS
2008	0.45	0.46	0.01	0.00451	0.11677		PS
2008	0.46	0.47	0.01	0.00461	0.12138		PS
2008	0.47	0.48	0.01	0.00471	0.1261		PS
2008	0.48	0.49	0.01	0.00482	0.13092		PS
2008	0.49	0.5	0.01	0.00493	0.13585		PS
2008	0.5	0.51	0.01	0.00505	0.1409		PS
2008	0.51	0.52	0.01	0.00518	0.14608		PS
2008	0.52	0.53	0.01	0.0053	0.15137		PS
2008	0.53	0.54	0.01	0.00542	0.1568		PS
2008	0.54	0.55	0.01	0.00554	0.16234		PS
2008	0.55	0.56	0.01	0.00567	0.168		PS
2008	0.56	0.57	0.01	0.0058	0.1738		PS
2008	0.57	0.58	0.01	0.00594	0.17975		PS
2008	0.58	0.59	0.01	0.00609	0.18584		PS
2008	0.59	0.6	0.01	0.00624	0.19208		PS
2008	0.6	0.61	0.01	0.00638	0.19846		PS
2008	0.61	0.62	0.01	0.00653	0.20499		PS
2008	0.62	0.63	0.01	0.00668	0.21167		PS
2008	0.63	0.64	0.01	0.00685	0.21851		PS
2008	0.64	0.65	0.01	0.00702	0.22553		PS
2008	0.65	0.66	0.01	0.0072	0.23273		PS
2008	0.66	0.67	0.01	0.00737	0.2401		PS
2008	0.67	0.68	0.01	0.00754	0.24764		PS
2008	0.68	0.69	0.01	0.00771	0.25535		PS
2008	0.69	0.7	0.01	0.0079	0.26325		PS
2008	0.7	0.71	0.01	0.0081	0.27135		PS
2008	0.71	0.72	0.01	0.00831	0.27966		PS
2008	0.72	0.73	0.01	0.00852	0.28818		PS
2008	0.73	0.74	0.01	0.00873	0.29691		PS
2008	0.74	0.75	0.01	0.00894	0.30585		PS
2008	0.75	0.76	0.01	0.00916	0.31501		PS
2008	0.76	0.77	0.01	0.0094	0.32441		PS
2008	0.77	0.78	0.01	0.00967	0.33408		PS
2008	0.78	0.79	0.01	0.00994	0.34402		PS
2008	0.79	0.8	0.01	0.01024	0.35426		PS
2008	0.8	0.81	0.01	0.01059	0.36484		PS
2008	0.81	0.82	0.01	0.01103	0.37587		PS
2008	0.82	0.83	0.01	0.01162	0.38749		PS
2008	0.83	0.84	0.01	0.01237	0.39986		PS
2008	0.84	0.85	0.01	0.01328	0.41314		PS
2008	0.85	0.86	0.01	0.01435	0.42749		PS
2008	0.86	0.87	0.01	0.01564	0.44313		PS
2008	0.87	0.88	0.01	0.01716	0.46029		PS
2008	0.88	0.89	0.01	0.0189	0.47919		PS
2008	0.89	0.9	0.01	0.02095	0.50015		PS
2008	0.9	0.91	0.01	0.02357	0.52371		PS
2008	0.91	0.92	0.01	0.02686	0.55057		PS
2008	0.92	0.93	0.01	0.03011	0.58068		PS
2008	0.93	0.94	0.01	0.03299	0.61366		PS
2008	0.94	0.95	0.01	0.03654	0.65021		PS
2008	0.95	0.96	0.01	0.04146	0.69166		PS
2008	0.96	0.97	0.01	0.0467	0.73836		PS
2008	0.97	0.98	0.01	0.05311	0.79147		PS
2008	0.98	0.99	0.01	0.06437	0.85583		PS
2008	0.99	0.991	0.001	0.00754	0.86338		PS
2008	0.991	0.992	0.001	0.00787	0.87125		PS
2008	0.992	0.993	0.001	0.00828	0.87953		PS
2008	0.993	0.994	0.001	0.00878	0.88831		PS
2008	0.994	0.995	0.001	0.00942	0.89773		PS
2008	0.995	0.996	0.001	0.01027	0.908		PS
2008	0.996	0.997	0.001	0.01149	0.9195		PS
2008	0.997	0.998	0.001	0.01344	0.93294		PS
2008	0.998	0.999	0.001	0.01738	0.95031		PS
2008	0.999	0.9991	0.0001	0.00216	0.95247		PS
2008	0.9991	0.9992	0.0001	0.00229	0.95476		PS
2008	0.9992	0.9993	0.0001	0.00245	0.9572		PS
2008	0.9993	0.9994	0.0001	0.00264	0.95984		PS
2008	0.9994	0.9995	0.0001	0.00289	0.96273		PS
2008	0.9995	0.9996	0.0001	0.00323	0.96596		PS
2008	0.9996	0.9997	0.0001	0.00372	0.96969		PS
2008	0.9997	0.9998	0.0001	0.00452	0.97421		PS
2008	0.9998	0.9999	0.0001	0.00618	0.98039		PS
2008	0.9999	0.99991	0.00001	0.0008	0.98119		PS
2008	0.99991	0.99992	0.00001	0.00085	0.98204		PS
2008	0.99992	0.99993	0.00001	0.00092	0.98296		PS
2008	0.99993	0.99994	0.00001	0.00101	0.98397		PS
2008	0.99994	0.99995	0.00001	0.00112	0.98509		PS
2008	0.99995	0.99996	0.00001	0.00126	0.98635		PS
2008	0.99996	0.99997	0.00001	0.00148	0.98783		PS
2008	0.99997	0.99998	0.00001	0.00182	0.98965		PS
2008	0.99998	0.99999	0.00001	0.00252	0.99218		PS
2008	0.99999	1	0.00001	0.00782	1		PS
2007	0	0.01	0.01	0.00012	0.00012		PS
2007	0.01	0.02	0.01	0.0004	0.00052		PS
2007	0.02	0.03	0.01	0.0006	0.00112		PS
2007	0.03	0.04	0.01	0.00075	0.00188		PS
2007	0.04	0.05	0.01	0.00086	0.00274		PS
2007	0.05	0.06	0.01	0.00094	0.00368		PS
2007	0.06	0.07	0.01	0.00101	0.00469		PS
2007	0.07	0.08	0.01	0.00109	0.00578		PS
2007	0.08	0.09	0.01	0.0012	0.00698		PS
2007	0.09	0.1	0.01	0.00131	0.0083		PS
2007	0.1	0.11	0.01	0.0014	0.0097		PS
2007	0.11	0.12	0.01	0.00147	0.01117		PS
2007	0.12	0.13	0.01	0.00154	0.01271		PS
2007	0.13	0.14	0.01	0.00163	0.01434		PS
2007	0.14	0.15	0.01	0.00173	0.01607		PS
2007	0.15	0.16	0.01	0.00182	0.01789		PS
2007	0.16	0.17	0.01	0.00191	0.0198		PS
2007	0.17	0.18	0.01	0.00199	0.02179		PS
2007	0.18	0.19	0.01	0.00207	0.02387		PS
2007	0.19	0.2	0.01	0.00214	0.026		PS
2007	0.2	0.21	0.01	0.00219	0.02819		PS
2007	0.21	0.22	0.01	0.00226	0.03045		PS
2007	0.22	0.23	0.01	0.00233	0.03279		PS
2007	0.23	0.24	0.01	0.0024	0.03519		PS
2007	0.24	0.25	0.01	0.00246	0.03765		PS
2007	0.25	0.26	0.01	0.00252	0.04017		PS
2007	0.26	0.27	0.01	0.00259	0.04275		PS
2007	0.27	0.28	0.01	0.00267	0.04543		PS
2007	0.28	0.29	0.01	0.00276	0.04819		PS
2007	0.29	0.3	0.01	0.00286	0.05105		PS
2007	0.3	0.31	0.01	0.00294	0.05399		PS
2007	0.31	0.32	0.01	0.00304	0.05703		PS
2007	0.32	0.33	0.01	0.00313	0.06016		PS
2007	0.33	0.34	0.01	0.00322	0.06338		PS
2007	0.34	0.35	0.01	0.00329	0.06667		PS
2007	0.35	0.36	0.01	0.00336	0.07003		PS
2007	0.36	0.37	0.01	0.00343	0.07346		PS
2007	0.37	0.38	0.01	0.0035	0.07696		PS
2007	0.38	0.39	0.01	0.00356	0.08052		PS
2007	0.39	0.4	0.01	0.00363	0.08415		PS
2007	0.4	0.41	0.01	0.00372	0.08787		PS
2007	0.41	0.42	0.01	0.0038	0.09167		PS
2007	0.42	0.43	0.01	0.00389	0.09557		PS
2007	0.43	0.44	0.01	0.00398	0.09955		PS
2007	0.44	0.45	0.01	0.00407	0.10362		PS
2007	0.45	0.46	0.01	0.00418	0.1078		PS
2007	0.46	0.47	0.01	0.00429	0.11209		PS
2007	0.47	0.48	0.01	0.00441	0.1165		PS
2007	0.48	0.49	0.01	0.00453	0.12104		PS
2007	0.49	0.5	0.01	0.00466	0.12569		PS
2007	0.5	0.51	0.01	0.00477	0.13047		PS
2007	0.51	0.52	0.01	0.00488	0.13535		PS
2007	0.52	0.53	0.01	0.00499	0.14034		PS
2007	0.53	0.54	0.01	0.0051	0.14545		PS
2007	0.54	0.55	0.01	0.00522	0.15067		PS
2007	0.55	0.56	0.01	0.00535	0.15601		PS
2007	0.56	0.57	0.01	0.00548	0.16149		PS
2007	0.57	0.58	0.01	0.00562	0.16711		PS
2007	0.58	0.59	0.01	0.00575	0.17286		PS
2007	0.59	0.6	0.01	0.00587	0.17873		PS
2007	0.6	0.61	0.01	0.006	0.18473		PS
2007	0.61	0.62	0.01	0.00613	0.19085		PS
2007	0.62	0.63	0.01	0.00627	0.19712		PS
2007	0.63	0.64	0.01	0.00642	0.20354		PS
2007	0.64	0.65	0.01	0.00659	0.21013		PS
2007	0.65	0.66	0.01	0.00677	0.2169		PS
2007	0.66	0.67	0.01	0.00695	0.22385		PS
2007	0.67	0.68	0.01	0.00714	0.23099		PS
2007	0.68	0.69	0.01	0.00734	0.23833		PS
2007	0.69	0.7	0.01	0.00754	0.24587		PS
2007	0.7	0.71	0.01	0.00776	0.25363		PS
2007	0.71	0.72	0.01	0.00798	0.26162		PS
2007	0.72	0.73	0.01	0.0082	0.26981		PS
2007	0.73	0.74	0.01	0.00839	0.27821		PS
2007	0.74	0.75	0.01	0.00858	0.28679		PS
2007	0.75	0.76	0.01	0.00877	0.29556		PS
2007	0.76	0.77	0.01	0.00898	0.30454		PS
2007	0.77	0.78	0.01	0.00921	0.31375		PS
2007	0.78	0.79	0.01	0.00947	0.32322		PS
2007	0.79	0.8	0.01	0.0098	0.33301		PS
2007	0.8	0.81	0.01	0.01021	0.34323		PS
2007	0.81	0.82	0.01	0.01073	0.35396		PS
2007	0.82	0.83	0.01	0.01136	0.36532		PS
2007	0.83	0.84	0.01	0.01206	0.37738		PS
2007	0.84	0.85	0.01	0.01286	0.39024		PS
2007	0.85	0.86	0.01	0.01384	0.40408		PS
2007	0.86	0.87	0.01	0.01516	0.41924		PS
2007	0.87	0.88	0.01	0.01686	0.4361		PS
2007	0.88	0.89	0.01	0.01879	0.45489		PS
2007	0.89	0.9	0.01	0.02083	0.47572		PS
2007	0.9	0.91	0.01	0.02315	0.49887		PS
2007	0.91	0.92	0.01	0.02591	0.52478		PS
2007	0.92	0.93	0.01	0.02878	0.55356		PS
2007	0.93	0.94	0.01	0.0318	0.58536		PS
2007	0.94	0.95	0.01	0.03607	0.62143		PS
2007	0.95	0.96	0.01	0.04182	0.66325		PS
2007	0.96	0.97	0.01	0.04745	0.7107		PS
2007	0.97	0.98	0.01	0.05554	0.76623		PS
2007	0.98	0.99	0.01	0.06828	0.83452		PS
2007	0.99	0.991	0.001	0.00807	0.84259		PS
2007	0.991	0.992	0.001	0.00846	0.85105		PS
2007	0.992	0.993	0.001	0.00894	0.85999		PS
2007	0.993	0.994	0.001	0.00952	0.86951		PS
2007	0.994	0.995	0.001	0.01028	0.87978		PS
2007	0.995	0.996	0.001	0.01128	0.89107		PS
2007	0.996	0.997	0.001	0.01274	0.90381		PS
2007	0.997	0.998	0.001	0.01508	0.91889		PS
2007	0.998	0.999	0.001	0.01987	0.93876		PS
2007	0.999	0.9991	0.0001	0.0025	0.94126		PS
2007	0.9991	0.9992	0.0001	0.00266	0.94392		PS
2007	0.9992	0.9993	0.0001	0.00286	0.94678		PS
2007	0.9993	0.9994	0.0001	0.0031	0.94988		PS
2007	0.9994	0.9995	0.0001	0.00341	0.9533		PS
2007	0.9995	0.9996	0.0001	0.00384	0.95713		PS
2007	0.9996	0.9997	0.0001	0.00445	0.96159		PS
2007	0.9997	0.9998	0.0001	0.00547	0.96705		PS
2007	0.9998	0.9999	0.0001	0.00757	0.97462		PS
2007	0.9999	0.99991	0.00001	0.00099	0.97561		PS
2007	0.99991	0.99992	0.00001	0.00106	0.97667		PS
2007	0.99992	0.99993	0.00001	0.00115	0.97781		PS
2007	0.99993	0.99994	0.00001	0.00125	0.97907		PS
2007	0.99994	0.99995	0.00001	0.0014	0.98046		PS
2007	0.99995	0.99996	0.00001	0.00159	0.98205		PS
2007	0.99996	0.99997	0.00001	0.00186	0.98391		PS
2007	0.99997	0.99998	0.00001	0.00231	0.98622		PS
2007	0.99998	0.99999	0.00001	0.00323	0.98946		PS
2007	0.99999	1	0.00001	0.01054	1		PS
2006	0	0.01	0.01	0.00027	0.00027		PS
2006	0.01	0.02	0.01	0.00062	0.00089		PS
2006	0.02	0.03	0.01	0.00083	0.00172		PS
2006	0.03	0.04	0.01	0.00094	0.00266		PS
2006	0.04	0.05	0.01	0.00101	0.00367		PS
2006	0.05	0.06	0.01	0.00109	0.00476		PS
2006	0.06	0.07	0.01	0.0012	0.00596		PS
2006	0.07	0.08	0.01	0.00132	0.00728		PS
2006	0.08	0.09	0.01	0.00143	0.00871		PS
2006	0.09	0.1	0.01	0.00153	0.01024		PS
2006	0.1	0.11	0.01	0.00162	0.01186		PS
2006	0.11	0.12	0.01	0.00172	0.01358		PS
2006	0.12	0.13	0.01	0.0018	0.01538		PS
2006	0.13	0.14	0.01	0.00187	0.01726		PS
2006	0.14	0.15	0.01	0.00195	0.0192		PS
2006	0.15	0.16	0.01	0.00203	0.02124		PS
2006	0.16	0.17	0.01	0.00213	0.02336		PS
2006	0.17	0.18	0.01	0.00222	0.02558		PS
2006	0.18	0.19	0.01	0.00229	0.02787		PS
2006	0.19	0.2	0.01	0.00235	0.03023		PS
2006	0.2	0.21	0.01	0.00241	0.03264		PS
2006	0.21	0.22	0.01	0.00249	0.03513		PS
2006	0.22	0.23	0.01	0.0026	0.03773		PS
2006	0.23	0.24	0.01	0.00269	0.04042		PS
2006	0.24	0.25	0.01	0.00274	0.04316		PS
2006	0.25	0.26	0.01	0.0028	0.04595		PS
2006	0.26	0.27	0.01	0.00286	0.04881		PS
2006	0.27	0.28	0.01	0.00292	0.05174		PS
2006	0.28	0.29	0.01	0.003	0.05473		PS
2006	0.29	0.3	0.01	0.00308	0.05782		PS
2006	0.3	0.31	0.01	0.00318	0.061		PS
2006	0.31	0.32	0.01	0.00327	0.06427		PS
2006	0.32	0.33	0.01	0.00335	0.06762		PS
2006	0.33	0.34	0.01	0.00343	0.07105		PS
2006	0.34	0.35	0.01	0.00351	0.07456		PS
2006	0.35	0.36	0.01	0.00357	0.07813		PS
2006	0.36	0.37	0.01	0.00365	0.08178		PS
2006	0.37	0.38	0.01	0.00374	0.08552		PS
2006	0.38	0.39	0.01	0.00383	0.08936		PS
2006	0.39	0.4	0.01	0.00392	0.09328		PS
2006	0.4	0.41	0.01	0.00402	0.0973		PS
2006	0.41	0.42	0.01	0.00412	0.10142		PS
2006	0.42	0.43	0.01	0.00423	0.10565		PS
2006	0.43	0.44	0.01	0.00433	0.10998		PS
2006	0.44	0.45	0.01	0.00444	0.11441		PS
2006	0.45	0.46	0.01	0.00455	0.11896		PS
2006	0.46	0.47	0.01	0.00467	0.12363		PS
2006	0.47	0.48	0.01	0.00478	0.12841		PS
2006	0.48	0.49	0.01	0.00489	0.1333		PS
2006	0.49	0.5	0.01	0.005	0.1383		PS
2006	0.5	0.51	0.01	0.00512	0.14342		PS
2006	0.51	0.52	0.01	0.00524	0.14866		PS
2006	0.52	0.53	0.01	0.00536	0.15402		PS
2006	0.53	0.54	0.01	0.00549	0.15951		PS
2006	0.54	0.55	0.01	0.00563	0.16513		PS
2006	0.55	0.56	0.01	0.00577	0.1709		PS
2006	0.56	0.57	0.01	0.00592	0.17683		PS
2006	0.57	0.58	0.01	0.00607	0.1829		PS
2006	0.58	0.59	0.01	0.00621	0.18911		PS
2006	0.59	0.6	0.01	0.00634	0.19545		PS
2006	0.6	0.61	0.01	0.00647	0.20192		PS
2006	0.61	0.62	0.01	0.00661	0.20852		PS
2006	0.62	0.63	0.01	0.00675	0.21527		PS
2006	0.63	0.64	0.01	0.0069	0.22218		PS
2006	0.64	0.65	0.01	0.00707	0.22925		PS
2006	0.65	0.66	0.01	0.00724	0.23649		PS
2006	0.66	0.67	0.01	0.00741	0.2439		PS
2006	0.67	0.68	0.01	0.00759	0.25149		PS
2006	0.68	0.69	0.01	0.00779	0.25927		PS
2006	0.69	0.7	0.01	0.00799	0.26727		PS
2006	0.7	0.71	0.01	0.00819	0.27546		PS
2006	0.71	0.72	0.01	0.00838	0.28383		PS
2006	0.72	0.73	0.01	0.00856	0.29239		PS
2006	0.73	0.74	0.01	0.00874	0.30113		PS
2006	0.74	0.75	0.01	0.00892	0.31005		PS
2006	0.75	0.76	0.01	0.00909	0.31914		PS
2006	0.76	0.77	0.01	0.00928	0.32842		PS
2006	0.77	0.78	0.01	0.00949	0.33791		PS
2006	0.78	0.79	0.01	0.00973	0.34764		PS
2006	0.79	0.8	0.01	0.01001	0.35765		PS
2006	0.8	0.81	0.01	0.01037	0.36802		PS
2006	0.81	0.82	0.01	0.01083	0.37885		PS
2006	0.82	0.83	0.01	0.01141	0.39026		PS
2006	0.83	0.84	0.01	0.01212	0.40239		PS
2006	0.84	0.85	0.01	0.01301	0.4154		PS
2006	0.85	0.86	0.01	0.01406	0.42946		PS
2006	0.86	0.87	0.01	0.01533	0.44479		PS
2006	0.87	0.88	0.01	0.01675	0.46154		PS
2006	0.88	0.89	0.01	0.01838	0.47992		PS
2006	0.89	0.9	0.01	0.02029	0.50021		PS
2006	0.9	0.91	0.01	0.02257	0.52279		PS
2006	0.91	0.92	0.01	0.0253	0.54809		PS
2006	0.92	0.93	0.01	0.02831	0.5764		PS
2006	0.93	0.94	0.01	0.03152	0.60792		PS
2006	0.94	0.95	0.01	0.03533	0.64325		PS
2006	0.95	0.96	0.01	0.04052	0.68377		PS
2006	0.96	0.97	0.01	0.04751	0.73128		PS
2006	0.97	0.98	0.01	0.05347	0.78475		PS
2006	0.98	0.99	0.01	0.06665	0.8514		PS
2006	0.99	0.991	0.001	0.00776	0.85916		PS
2006	0.991	0.992	0.001	0.00811	0.86727		PS
2006	0.992	0.993	0.001	0.00856	0.87583		PS
2006	0.993	0.994	0.001	0.00912	0.88495		PS
2006	0.994	0.995	0.001	0.00983	0.89478		PS
2006	0.995	0.996	0.001	0.01078	0.90556		PS
2006	0.996	0.997	0.001	0.01212	0.91768		PS
2006	0.997	0.998	0.001	0.01424	0.93192		PS
2006	0.998	0.999	0.001	0.01841	0.95033		PS
2006	0.999	0.9991	0.0001	0.00228	0.95261		PS
2006	0.9991	0.9992	0.0001	0.00241	0.95503		PS
2006	0.9992	0.9993	0.0001	0.00258	0.9576		PS
2006	0.9993	0.9994	0.0001	0.00277	0.96038		PS
2006	0.9994	0.9995	0.0001	0.00303	0.96341		PS
2006	0.9995	0.9996	0.0001	0.00337	0.96678		PS
2006	0.9996	0.9997	0.0001	0.00386	0.97064		PS
2006	0.9997	0.9998	0.0001	0.00465	0.97529		PS
2006	0.9998	0.9999	0.0001	0.00626	0.98155		PS
2006	0.9999	0.99991	0.00001	0.0008	0.98235		PS
2006	0.99991	0.99992	0.00001	0.00085	0.9832		PS
2006	0.99992	0.99993	0.00001	0.00092	0.98412		PS
2006	0.99993	0.99994	0.00001	0.001	0.98512		PS
2006	0.99994	0.99995	0.00001	0.0011	0.98622		PS
2006	0.99995	0.99996	0.00001	0.00124	0.98746		PS
2006	0.99996	0.99997	0.00001	0.00144	0.9889		PS
2006	0.99997	0.99998	0.00001	0.00176	0.99066		PS
2006	0.99998	0.99999	0.00001	0.0024	0.99305		PS
2006	0.99999	1	0.00001	0.00695	1		PS
2005	0	0.01	0.01	0.00021	0.00021		PS
2005	0.01	0.02	0.01	0.00055	0.00076		PS
2005	0.02	0.03	0.01	0.00077	0.00153		PS
2005	0.03	0.04	0.01	0.00091	0.00244		PS
2005	0.04	0.05	0.01	0.001	0.00344		PS
2005	0.05	0.06	0.01	0.00107	0.00451		PS
2005	0.06	0.07	0.01	0.00116	0.00567		PS
2005	0.07	0.08	0.01	0.00127	0.00694		PS
2005	0.08	0.09	0.01	0.00137	0.0083		PS
2005	0.09	0.1	0.01	0.00145	0.00976		PS
2005	0.1	0.11	0.01	0.00154	0.0113		PS
2005	0.11	0.12	0.01	0.00163	0.01293		PS
2005	0.12	0.13	0.01	0.00171	0.01464		PS
2005	0.13	0.14	0.01	0.00178	0.01641		PS
2005	0.14	0.15	0.01	0.00185	0.01827		PS
2005	0.15	0.16	0.01	0.00194	0.02021		PS
2005	0.16	0.17	0.01	0.00202	0.02223		PS
2005	0.17	0.18	0.01	0.00211	0.02434		PS
2005	0.18	0.19	0.01	0.00219	0.02653		PS
2005	0.19	0.2	0.01	0.00226	0.0288		PS
2005	0.2	0.21	0.01	0.00233	0.03113		PS
2005	0.21	0.22	0.01	0.00242	0.03354		PS
2005	0.22	0.23	0.01	0.00251	0.03606		PS
2005	0.23	0.24	0.01	0.00259	0.03865		PS
2005	0.24	0.25	0.01	0.00265	0.04129		PS
2005	0.25	0.26	0.01	0.00272	0.04401		PS
2005	0.26	0.27	0.01	0.0028	0.04681		PS
2005	0.27	0.28	0.01	0.00288	0.04968		PS
2005	0.28	0.29	0.01	0.00295	0.05264		PS
2005	0.29	0.3	0.01	0.00304	0.05568		PS
2005	0.3	0.31	0.01	0.00314	0.05882		PS
2005	0.31	0.32	0.01	0.00324	0.06205		PS
2005	0.32	0.33	0.01	0.00332	0.06537		PS
2005	0.33	0.34	0.01	0.00341	0.06878		PS
2005	0.34	0.35	0.01	0.00349	0.07227		PS
2005	0.35	0.36	0.01	0.00356	0.07582		PS
2005	0.36	0.37	0.01	0.00364	0.07946		PS
2005	0.37	0.38	0.01	0.00372	0.08318		PS
2005	0.38	0.39	0.01	0.00381	0.08699		PS
2005	0.39	0.4	0.01	0.0039	0.09089		PS
2005	0.4	0.41	0.01	0.00399	0.09489		PS
2005	0.41	0.42	0.01	0.0041	0.09899		PS
2005	0.42	0.43	0.01	0.00421	0.1032		PS
2005	0.43	0.44	0.01	0.00433	0.10753		PS
2005	0.44	0.45	0.01	0.00445	0.11198		PS
2005	0.45	0.46	0.01	0.00457	0.11655		PS
2005	0.46	0.47	0.01	0.00469	0.12124		PS
2005	0.47	0.48	0.01	0.0048	0.12604		PS
2005	0.48	0.49	0.01	0.00491	0.13095		PS
2005	0.49	0.5	0.01	0.00503	0.13598		PS
2005	0.5	0.51	0.01	0.00516	0.14114		PS
2005	0.51	0.52	0.01	0.00529	0.14643		PS
2005	0.52	0.53	0.01	0.00542	0.15185		PS
2005	0.53	0.54	0.01	0.00555	0.1574		PS
2005	0.54	0.55	0.01	0.00568	0.16308		PS
2005	0.55	0.56	0.01	0.00581	0.16889		PS
2005	0.56	0.57	0.01	0.00594	0.17483		PS
2005	0.57	0.58	0.01	0.00608	0.18091		PS
2005	0.58	0.59	0.01	0.00621	0.18712		PS
2005	0.59	0.6	0.01	0.00633	0.19345		PS
2005	0.6	0.61	0.01	0.00646	0.19991		PS
2005	0.61	0.62	0.01	0.00658	0.20648		PS
2005	0.62	0.63	0.01	0.00671	0.2132		PS
2005	0.63	0.64	0.01	0.00686	0.22006		PS
2005	0.64	0.65	0.01	0.00702	0.22708		PS
2005	0.65	0.66	0.01	0.00719	0.23427		PS
2005	0.66	0.67	0.01	0.00735	0.24163		PS
2005	0.67	0.68	0.01	0.00752	0.24914		PS
2005	0.68	0.69	0.01	0.00767	0.25682		PS
2005	0.69	0.7	0.01	0.00783	0.26465		PS
2005	0.7	0.71	0.01	0.008	0.27265		PS
2005	0.71	0.72	0.01	0.00819	0.28084		PS
2005	0.72	0.73	0.01	0.00838	0.28922		PS
2005	0.73	0.74	0.01	0.00858	0.2978		PS
2005	0.74	0.75	0.01	0.00877	0.30657		PS
2005	0.75	0.76	0.01	0.00898	0.31555		PS
2005	0.76	0.77	0.01	0.00921	0.32476		PS
2005	0.77	0.78	0.01	0.00947	0.33423		PS
2005	0.78	0.79	0.01	0.00975	0.34397		PS
2005	0.79	0.8	0.01	0.01006	0.35404		PS
2005	0.8	0.81	0.01	0.01045	0.36449		PS
2005	0.81	0.82	0.01	0.01097	0.37545		PS
2005	0.82	0.83	0.01	0.01165	0.38711		PS
2005	0.83	0.84	0.01	0.01246	0.39957		PS
2005	0.84	0.85	0.01	0.01337	0.41294		PS
2005	0.85	0.86	0.01	0.01438	0.42732		PS
2005	0.86	0.87	0.01	0.01569	0.44301		PS
2005	0.87	0.88	0.01	0.01737	0.46038		PS
2005	0.88	0.89	0.01	0.01931	0.47969		PS
2005	0.89	0.9	0.01	0.02138	0.50107		PS
2005	0.9	0.91	0.01	0.02365	0.52472		PS
2005	0.91	0.92	0.01	0.0262	0.55093		PS
2005	0.92	0.93	0.01	0.02874	0.57966		PS
2005	0.93	0.94	0.01	0.03134	0.61101		PS
2005	0.94	0.95	0.01	0.03484	0.64585		PS
2005	0.95	0.96	0.01	0.03952	0.68537		PS
2005	0.96	0.97	0.01	0.04448	0.72985		PS
2005	0.97	0.98	0.01	0.05116	0.781		PS
2005	0.98	0.99	0.01	0.06321	0.84421		PS
2005	0.99	0.991	0.001	0.0076	0.85181		PS
2005	0.991	0.992	0.001	0.00798	0.85979		PS
2005	0.992	0.993	0.001	0.00844	0.86823		PS
2005	0.993	0.994	0.001	0.00902	0.87725		PS
2005	0.994	0.995	0.001	0.00974	0.88699		PS
2005	0.995	0.996	0.001	0.0107	0.89769		PS
2005	0.996	0.997	0.001	0.01212	0.90981		PS
2005	0.997	0.998	0.001	0.01435	0.92415		PS
2005	0.998	0.999	0.001	0.01889	0.94304		PS
2005	0.999	0.9991	0.0001	0.00238	0.94542		PS
2005	0.9991	0.9992	0.0001	0.00253	0.94795		PS
2005	0.9992	0.9993	0.0001	0.00271	0.95066		PS
2005	0.9993	0.9994	0.0001	0.00294	0.95359		PS
2005	0.9994	0.9995	0.0001	0.00323	0.95682		PS
2005	0.9995	0.9996	0.0001	0.00363	0.96045		PS
2005	0.9996	0.9997	0.0001	0.0042	0.96465		PS
2005	0.9997	0.9998	0.0001	0.00514	0.96979		PS
2005	0.9998	0.9999	0.0001	0.00709	0.97688		PS
2005	0.9999	0.99991	0.00001	0.00092	0.9778		PS
2005	0.99991	0.99992	0.00001	0.00099	0.97878		PS
2005	0.99992	0.99993	0.00001	0.00107	0.97985		PS
2005	0.99993	0.99994	0.00001	0.00117	0.98102		PS
2005	0.99994	0.99995	0.00001	0.0013	0.98231		PS
2005	0.99995	0.99996	0.00001	0.00147	0.98378		PS
2005	0.99996	0.99997	0.00001	0.00172	0.9855		PS
2005	0.99997	0.99998	0.00001	0.00213	0.98764		PS
2005	0.99998	0.99999	0.00001	0.00296	0.9906		PS
2005	0.99999	1	0.00001	0.0094	1		PS
2004	0	0.01	0.01	0.00023	0.00023		PS
2004	0.01	0.02	0.01	0.00065	0.00088		PS
2004	0.02	0.03	0.01	0.00089	0.00177		PS
2004	0.03	0.04	0.01	0.00102	0.0028		PS
2004	0.04	0.05	0.01	0.00111	0.00391		PS
2004	0.05	0.06	0.01	0.0012	0.00511		PS
2004	0.06	0.07	0.01	0.0013	0.00641		PS
2004	0.07	0.08	0.01	0.00138	0.00779		PS
2004	0.08	0.09	0.01	0.00147	0.00925		PS
2004	0.09	0.1	0.01	0.00156	0.01082		PS
2004	0.1	0.11	0.01	0.00166	0.01248		PS
2004	0.11	0.12	0.01	0.00175	0.01422		PS
2004	0.12	0.13	0.01	0.00184	0.01606		PS
2004	0.13	0.14	0.01	0.00193	0.01799		PS
2004	0.14	0.15	0.01	0.00202	0.02		PS
2004	0.15	0.16	0.01	0.0021	0.02211		PS
2004	0.16	0.17	0.01	0.00219	0.0243		PS
2004	0.17	0.18	0.01	0.00229	0.02659		PS
2004	0.18	0.19	0.01	0.00238	0.02897		PS
2004	0.19	0.2	0.01	0.00247	0.03145		PS
2004	0.2	0.21	0.01	0.00256	0.034		PS
2004	0.21	0.22	0.01	0.00265	0.03665		PS
2004	0.22	0.23	0.01	0.00273	0.03939		PS
2004	0.23	0.24	0.01	0.00281	0.04219		PS
2004	0.24	0.25	0.01	0.00287	0.04507		PS
2004	0.25	0.26	0.01	0.00294	0.04801		PS
2004	0.26	0.27	0.01	0.00302	0.05103		PS
2004	0.27	0.28	0.01	0.0031	0.05414		PS
2004	0.28	0.29	0.01	0.00319	0.05732		PS
2004	0.29	0.3	0.01	0.00327	0.06059		PS
2004	0.3	0.31	0.01	0.00335	0.06395		PS
2004	0.31	0.32	0.01	0.00345	0.06739		PS
2004	0.32	0.33	0.01	0.00354	0.07093		PS
2004	0.33	0.34	0.01	0.00363	0.07456		PS
2004	0.34	0.35	0.01	0.00371	0.07827		PS
2004	0.35	0.36	0.01	0.00379	0.08206		PS
2004	0.36	0.37	0.01	0.00388	0.08594		PS
2004	0.37	0.38	0.01	0.00397	0.08992		PS
2004	0.38	0.39	0.01	0.00407	0.09399		PS
2004	0.39	0.4	0.01	0.00416	0.09815		PS
2004	0.4	0.41	0.01	0.00426	0.10241		PS
2004	0.41	0.42	0.01	0.00437	0.10677		PS
2004	0.42	0.43	0.01	0.00447	0.11125		PS
2004	0.43	0.44	0.01	0.00458	0.11583		PS
2004	0.44	0.45	0.01	0.00468	0.12051		PS
2004	0.45	0.46	0.01	0.00479	0.1253		PS
2004	0.46	0.47	0.01	0.0049	0.1302		PS
2004	0.47	0.48	0.01	0.00501	0.1352		PS
2004	0.48	0.49	0.01	0.00512	0.14032		PS
2004	0.49	0.5	0.01	0.00524	0.14556		PS
2004	0.5	0.51	0.01	0.00535	0.15091		PS
2004	0.51	0.52	0.01	0.00546	0.15637		PS
2004	0.52	0.53	0.01	0.00557	0.16195		PS
2004	0.53	0.54	0.01	0.00569	0.16764		PS
2004	0.54	0.55	0.01	0.00581	0.17344		PS
2004	0.55	0.56	0.01	0.00593	0.17937		PS
2004	0.56	0.57	0.01	0.00605	0.18542		PS
2004	0.57	0.58	0.01	0.00619	0.19161		PS
2004	0.58	0.59	0.01	0.00633	0.19794		PS
2004	0.59	0.6	0.01	0.00646	0.2044		PS
2004	0.6	0.61	0.01	0.00659	0.21099		PS
2004	0.61	0.62	0.01	0.00672	0.21771		PS
2004	0.62	0.63	0.01	0.00686	0.22458		PS
2004	0.63	0.64	0.01	0.00701	0.23159		PS
2004	0.64	0.65	0.01	0.00717	0.23875		PS
2004	0.65	0.66	0.01	0.00733	0.24609		PS
2004	0.66	0.67	0.01	0.0075	0.25359		PS
2004	0.67	0.68	0.01	0.00767	0.26125		PS
2004	0.68	0.69	0.01	0.00783	0.26908		PS
2004	0.69	0.7	0.01	0.008	0.27708		PS
2004	0.7	0.71	0.01	0.00816	0.28525		PS
2004	0.71	0.72	0.01	0.00834	0.29358		PS
2004	0.72	0.73	0.01	0.00851	0.3021		PS
2004	0.73	0.74	0.01	0.00869	0.31079		PS
2004	0.74	0.75	0.01	0.00887	0.31966		PS
2004	0.75	0.76	0.01	0.00907	0.32873		PS
2004	0.76	0.77	0.01	0.0093	0.33802		PS
2004	0.77	0.78	0.01	0.00956	0.34758		PS
2004	0.78	0.79	0.01	0.00986	0.35744		PS
2004	0.79	0.8	0.01	0.0102	0.36764		PS
2004	0.8	0.81	0.01	0.01058	0.37822		PS
2004	0.81	0.82	0.01	0.01102	0.38923		PS
2004	0.82	0.83	0.01	0.01156	0.40079		PS
2004	0.83	0.84	0.01	0.01221	0.41301		PS
2004	0.84	0.85	0.01	0.01305	0.42605		PS
2004	0.85	0.86	0.01	0.01403	0.44008		PS
2004	0.86	0.87	0.01	0.01522	0.4553		PS
2004	0.87	0.88	0.01	0.01657	0.47187		PS
2004	0.88	0.89	0.01	0.01817	0.49004		PS
2004	0.89	0.9	0.01	0.02013	0.51017		PS
2004	0.9	0.91	0.01	0.02251	0.53268		PS
2004	0.91	0.92	0.01	0.02534	0.55802		PS
2004	0.92	0.93	0.01	0.02832	0.58634		PS
2004	0.93	0.94	0.01	0.03153	0.61787		PS
2004	0.94	0.95	0.01	0.03569	0.65356		PS
2004	0.95	0.96	0.01	0.04048	0.69404		PS
2004	0.96	0.97	0.01	0.04463	0.73867		PS
2004	0.97	0.98	0.01	0.05104	0.78971		PS
2004	0.98	0.99	0.01	0.06327	0.85298		PS
2004	0.99	0.991	0.001	0.00769	0.86067		PS
2004	0.991	0.992	0.001	0.00809	0.86876		PS
2004	0.992	0.993	0.001	0.00858	0.87734		PS
2004	0.993	0.994	0.001	0.00916	0.8865		PS
2004	0.994	0.995	0.001	0.0099	0.8964		PS
2004	0.995	0.996	0.001	0.01087	0.90727		PS
2004	0.996	0.997	0.001	0.01224	0.91951		PS
2004	0.997	0.998	0.001	0.01437	0.93388		PS
2004	0.998	0.999	0.001	0.01851	0.95239		PS
2004	0.999	0.9991	0.0001	0.00228	0.95468		PS
2004	0.9991	0.9992	0.0001	0.00241	0.95709		PS
2004	0.9992	0.9993	0.0001	0.00257	0.95965		PS
2004	0.9993	0.9994	0.0001	0.00276	0.96241		PS
2004	0.9994	0.9995	0.0001	0.003	0.96541		PS
2004	0.9995	0.9996	0.0001	0.00333	0.96874		PS
2004	0.9996	0.9997	0.0001	0.00379	0.97253		PS
2004	0.9997	0.9998	0.0001	0.00453	0.97706		PS
2004	0.9998	0.9999	0.0001	0.00603	0.98309		PS
2004	0.9999	0.99991	0.00001	0.00076	0.98385		PS
2004	0.99991	0.99992	0.00001	0.00081	0.98466		PS
2004	0.99992	0.99993	0.00001	0.00087	0.98553		PS
2004	0.99993	0.99994	0.00001	0.00094	0.98647		PS
2004	0.99994	0.99995	0.00001	0.00104	0.98751		PS
2004	0.99995	0.99996	0.00001	0.00116	0.98867		PS
2004	0.99996	0.99997	0.00001	0.00134	0.99002		PS
2004	0.99997	0.99998	0.00001	0.00163	0.99165		PS
2004	0.99998	0.99999	0.00001	0.0022	0.99385		PS
2004	0.99999	1	0.00001	0.00615	1		PS
1998	0	0.01	0.01	0.00015	0.00015		PS
1998	0.01	0.02	0.01	0.00062	0.00076		PS
1998	0.02	0.03	0.01	0.00088	0.00164		PS
1998	0.03	0.04	0.01	0.00102	0.00265		PS
1998	0.04	0.05	0.01	0.00111	0.00376		PS
1998	0.05	0.06	0.01	0.00122	0.00499		PS
1998	0.06	0.07	0.01	0.00133	0.00632		PS
1998	0.07	0.08	0.01	0.00144	0.00776		PS
1998	0.08	0.09	0.01	0.00154	0.00929		PS
1998	0.09	0.1	0.01	0.00163	0.01093		PS
1998	0.1	0.11	0.01	0.00171	0.01264		PS
1998	0.11	0.12	0.01	0.00179	0.01443		PS
1998	0.12	0.13	0.01	0.00188	0.01632		PS
1998	0.13	0.14	0.01	0.00198	0.01829		PS
1998	0.14	0.15	0.01	0.00207	0.02036		PS
1998	0.15	0.16	0.01	0.00215	0.02251		PS
1998	0.16	0.17	0.01	0.00224	0.02475		PS
1998	0.17	0.18	0.01	0.00234	0.02709		PS
1998	0.18	0.19	0.01	0.00243	0.02952		PS
1998	0.19	0.2	0.01	0.0025	0.03202		PS
1998	0.2	0.21	0.01	0.00258	0.0346		PS
1998	0.21	0.22	0.01	0.00267	0.03727		PS
1998	0.22	0.23	0.01	0.00276	0.04003		PS
1998	0.23	0.24	0.01	0.00282	0.04286		PS
1998	0.24	0.25	0.01	0.00288	0.04574		PS
1998	0.25	0.26	0.01	0.00295	0.04868		PS
1998	0.26	0.27	0.01	0.00302	0.05171		PS
1998	0.27	0.28	0.01	0.0031	0.05481		PS
1998	0.28	0.29	0.01	0.00318	0.058		PS
1998	0.29	0.3	0.01	0.00326	0.06126		PS
1998	0.3	0.31	0.01	0.00334	0.0646		PS
1998	0.31	0.32	0.01	0.00342	0.06801		PS
1998	0.32	0.33	0.01	0.0035	0.07151		PS
1998	0.33	0.34	0.01	0.00357	0.07508		PS
1998	0.34	0.35	0.01	0.00365	0.07873		PS
1998	0.35	0.36	0.01	0.00373	0.08246		PS
1998	0.36	0.37	0.01	0.00381	0.08627		PS
1998	0.37	0.38	0.01	0.00389	0.09016		PS
1998	0.38	0.39	0.01	0.00398	0.09414		PS
1998	0.39	0.4	0.01	0.00408	0.09822		PS
1998	0.4	0.41	0.01	0.00418	0.1024		PS
1998	0.41	0.42	0.01	0.00429	0.10668		PS
1998	0.42	0.43	0.01	0.0044	0.11108		PS
1998	0.43	0.44	0.01	0.00452	0.1156		PS
1998	0.44	0.45	0.01	0.00464	0.12023		PS
1998	0.45	0.46	0.01	0.00476	0.12499		PS
1998	0.46	0.47	0.01	0.00488	0.12987		PS
1998	0.47	0.48	0.01	0.00499	0.13486		PS
1998	0.48	0.49	0.01	0.0051	0.13996		PS
1998	0.49	0.5	0.01	0.00522	0.14518		PS
1998	0.5	0.51	0.01	0.00533	0.15051		PS
1998	0.51	0.52	0.01	0.00545	0.15596		PS
1998	0.52	0.53	0.01	0.00557	0.16153		PS
1998	0.53	0.54	0.01	0.00569	0.16721		PS
1998	0.54	0.55	0.01	0.00581	0.17302		PS
1998	0.55	0.56	0.01	0.00594	0.17896		PS
1998	0.56	0.57	0.01	0.00606	0.18502		PS
1998	0.57	0.58	0.01	0.00618	0.1912		PS
1998	0.58	0.59	0.01	0.00631	0.19752		PS
1998	0.59	0.6	0.01	0.00644	0.20396		PS
1998	0.6	0.61	0.01	0.00657	0.21053		PS
1998	0.61	0.62	0.01	0.00671	0.21724		PS
1998	0.62	0.63	0.01	0.00685	0.2241		PS
1998	0.63	0.64	0.01	0.007	0.23109		PS
1998	0.64	0.65	0.01	0.00715	0.23825		PS
1998	0.65	0.66	0.01	0.00731	0.24555		PS
1998	0.66	0.67	0.01	0.00747	0.25302		PS
1998	0.67	0.68	0.01	0.00764	0.26066		PS
1998	0.68	0.69	0.01	0.00781	0.26847		PS
1998	0.69	0.7	0.01	0.00799	0.27646		PS
1998	0.7	0.71	0.01	0.00817	0.28463		PS
1998	0.71	0.72	0.01	0.00836	0.29299		PS
1998	0.72	0.73	0.01	0.00856	0.30154		PS
1998	0.73	0.74	0.01	0.00876	0.3103		PS
1998	0.74	0.75	0.01	0.00897	0.31927		PS
1998	0.75	0.76	0.01	0.00919	0.32847		PS
1998	0.76	0.77	0.01	0.00943	0.3379		PS
1998	0.77	0.78	0.01	0.00968	0.34758		PS
1998	0.78	0.79	0.01	0.00996	0.35754		PS
1998	0.79	0.8	0.01	0.01028	0.36783		PS
1998	0.8	0.81	0.01	0.01065	0.37848		PS
1998	0.81	0.82	0.01	0.01112	0.3896		PS
1998	0.82	0.83	0.01	0.01172	0.40132		PS
1998	0.83	0.84	0.01	0.01247	0.41379		PS
1998	0.84	0.85	0.01	0.01334	0.42713		PS
1998	0.85	0.86	0.01	0.01434	0.44148		PS
1998	0.86	0.87	0.01	0.01561	0.45709		PS
1998	0.87	0.88	0.01	0.01717	0.47426		PS
1998	0.88	0.89	0.01	0.01901	0.49327		PS
1998	0.89	0.9	0.01	0.02106	0.51432		PS
1998	0.9	0.91	0.01	0.02344	0.53776		PS
1998	0.91	0.92	0.01	0.02618	0.56395		PS
1998	0.92	0.93	0.01	0.02894	0.59289		PS
1998	0.93	0.94	0.01	0.03185	0.62474		PS
1998	0.94	0.95	0.01	0.0356	0.66033		PS
1998	0.95	0.96	0.01	0.03997	0.7003		PS
1998	0.96	0.97	0.01	0.04422	0.74452		PS
1998	0.97	0.98	0.01	0.05017	0.79469		PS
1998	0.98	0.99	0.01	0.06122	0.85591		PS
1998	0.99	0.991	0.001	0.0073	0.86321		PS
1998	0.991	0.992	0.001	0.00764	0.87085		PS
1998	0.992	0.993	0.001	0.00806	0.87891		PS
1998	0.993	0.994	0.001	0.00857	0.88748		PS
1998	0.994	0.995	0.001	0.00921	0.89669		PS
1998	0.995	0.996	0.001	0.01007	0.90676		PS
1998	0.996	0.997	0.001	0.0113	0.91806		PS
1998	0.997	0.998	0.001	0.01326	0.93131		PS
1998	0.998	0.999	0.001	0.01721	0.94853		PS
1998	0.999	0.9991	0.0001	0.00215	0.95067		PS
1998	0.9991	0.9992	0.0001	0.00228	0.95295		PS
1998	0.9992	0.9993	0.0001	0.00244	0.95539		PS
1998	0.9993	0.9994	0.0001	0.00264	0.95803		PS
1998	0.9994	0.9995	0.0001	0.00289	0.96092		PS
1998	0.9995	0.9996	0.0001	0.00324	0.96416		PS
1998	0.9996	0.9997	0.0001	0.00375	0.96791		PS
1998	0.9997	0.9998	0.0001	0.00459	0.9725		PS
1998	0.9998	0.9999	0.0001	0.00634	0.97884		PS
1998	0.9999	0.99991	0.00001	0.00083	0.97967		PS
1998	0.99991	0.99992	0.00001	0.00089	0.98055		PS
1998	0.99992	0.99993	0.00001	0.00096	0.98152		PS
1998	0.99993	0.99994	0.00001	0.00105	0.98257		PS
1998	0.99994	0.99995	0.00001	0.00117	0.98374		PS
1998	0.99995	0.99996	0.00001	0.00134	0.98508		PS
1998	0.99996	0.99997	0.00001	0.00157	0.98665		PS
1998	0.99997	0.99998	0.00001	0.00196	0.98861		PS
1998	0.99998	0.99999	0.00001	0.00273	0.99134		PS
1998	0.99999	1	0.00001	0.00866	1		PS
1997	0	0.01	0.01	0.00018	0.00018		PS
1997	0.01	0.02	0.01	0.00064	0.00082		PS
1997	0.02	0.03	0.01	0.00091	0.00173		PS
1997	0.03	0.04	0.01	0.00105	0.00278		PS
1997	0.04	0.05	0.01	0.00114	0.00392		PS
1997	0.05	0.06	0.01	0.00125	0.00517		PS
1997	0.06	0.07	0.01	0.00136	0.00653		PS
1997	0.07	0.08	0.01	0.00147	0.008		PS
1997	0.08	0.09	0.01	0.00157	0.00957		PS
1997	0.09	0.1	0.01	0.00167	0.01124		PS
1997	0.1	0.11	0.01	0.00175	0.01299		PS
1997	0.11	0.12	0.01	0.00183	0.01481		PS
1997	0.12	0.13	0.01	0.00192	0.01673		PS
1997	0.13	0.14	0.01	0.00201	0.01874		PS
1997	0.14	0.15	0.01	0.0021	0.02084		PS
1997	0.15	0.16	0.01	0.00219	0.02303		PS
1997	0.16	0.17	0.01	0.00228	0.02531		PS
1997	0.17	0.18	0.01	0.00238	0.02769		PS
1997	0.18	0.19	0.01	0.00247	0.03016		PS
1997	0.19	0.2	0.01	0.00254	0.0327		PS
1997	0.2	0.21	0.01	0.00262	0.03533		PS
1997	0.21	0.22	0.01	0.00271	0.03804		PS
1997	0.22	0.23	0.01	0.00281	0.04084		PS
1997	0.23	0.24	0.01	0.00288	0.04372		PS
1997	0.24	0.25	0.01	0.00293	0.04665		PS
1997	0.25	0.26	0.01	0.00299	0.04964		PS
1997	0.26	0.27	0.01	0.00307	0.05271		PS
1997	0.27	0.28	0.01	0.00315	0.05585		PS
1997	0.28	0.29	0.01	0.00323	0.05908		PS
1997	0.29	0.3	0.01	0.00331	0.06239		PS
1997	0.3	0.31	0.01	0.00338	0.06577		PS
1997	0.31	0.32	0.01	0.00346	0.06924		PS
1997	0.32	0.33	0.01	0.00354	0.07278		PS
1997	0.33	0.34	0.01	0.00362	0.0764		PS
1997	0.34	0.35	0.01	0.0037	0.0801		PS
1997	0.35	0.36	0.01	0.00377	0.08387		PS
1997	0.36	0.37	0.01	0.00385	0.08772		PS
1997	0.37	0.38	0.01	0.00394	0.09166		PS
1997	0.38	0.39	0.01	0.00402	0.09568		PS
1997	0.39	0.4	0.01	0.00412	0.0998		PS
1997	0.4	0.41	0.01	0.00422	0.10401		PS
1997	0.41	0.42	0.01	0.00432	0.10834		PS
1997	0.42	0.43	0.01	0.00444	0.11278		PS
1997	0.43	0.44	0.01	0.00456	0.11734		PS
1997	0.44	0.45	0.01	0.00468	0.12202		PS
1997	0.45	0.46	0.01	0.00481	0.12682		PS
1997	0.46	0.47	0.01	0.00493	0.13175		PS
1997	0.47	0.48	0.01	0.00504	0.1368		PS
1997	0.48	0.49	0.01	0.00516	0.14195		PS
1997	0.49	0.5	0.01	0.00527	0.14722		PS
1997	0.5	0.51	0.01	0.00538	0.1526		PS
1997	0.51	0.52	0.01	0.0055	0.1581		PS
1997	0.52	0.53	0.01	0.00562	0.16371		PS
1997	0.53	0.54	0.01	0.00574	0.16945		PS
1997	0.54	0.55	0.01	0.00586	0.17531		PS
1997	0.55	0.56	0.01	0.00598	0.18129		PS
1997	0.56	0.57	0.01	0.00611	0.1874		PS
1997	0.57	0.58	0.01	0.00624	0.19364		PS
1997	0.58	0.59	0.01	0.00636	0.2		PS
1997	0.59	0.6	0.01	0.00649	0.20649		PS
1997	0.6	0.61	0.01	0.00662	0.21311		PS
1997	0.61	0.62	0.01	0.00675	0.21987		PS
1997	0.62	0.63	0.01	0.0069	0.22676		PS
1997	0.63	0.64	0.01	0.00704	0.23381		PS
1997	0.64	0.65	0.01	0.00719	0.241		PS
1997	0.65	0.66	0.01	0.00735	0.24835		PS
1997	0.66	0.67	0.01	0.00751	0.25586		PS
1997	0.67	0.68	0.01	0.00768	0.26354		PS
1997	0.68	0.69	0.01	0.00785	0.27139		PS
1997	0.69	0.7	0.01	0.00802	0.27942		PS
1997	0.7	0.71	0.01	0.00821	0.28762		PS
1997	0.71	0.72	0.01	0.0084	0.29602		PS
1997	0.72	0.73	0.01	0.00859	0.30461		PS
1997	0.73	0.74	0.01	0.0088	0.31341		PS
1997	0.74	0.75	0.01	0.009	0.32241		PS
1997	0.75	0.76	0.01	0.00922	0.33163		PS
1997	0.76	0.77	0.01	0.00945	0.34108		PS
1997	0.77	0.78	0.01	0.0097	0.35079		PS
1997	0.78	0.79	0.01	0.00998	0.36076		PS
1997	0.79	0.8	0.01	0.01029	0.37105		PS
1997	0.8	0.81	0.01	0.01065	0.3817		PS
1997	0.81	0.82	0.01	0.01111	0.3928		PS
1997	0.82	0.83	0.01	0.01171	0.40451		PS
1997	0.83	0.84	0.01	0.01247	0.41698		PS
1997	0.84	0.85	0.01	0.01335	0.43033		PS
1997	0.85	0.86	0.01	0.01436	0.44469		PS
1997	0.86	0.87	0.01	0.01563	0.46032		PS
1997	0.87	0.88	0.01	0.01722	0.47754		PS
1997	0.88	0.89	0.01	0.01908	0.49661		PS
1997	0.89	0.9	0.01	0.02115	0.51776		PS
1997	0.9	0.91	0.01	0.02355	0.54131		PS
1997	0.91	0.92	0.01	0.02632	0.56763		PS
1997	0.92	0.93	0.01	0.02912	0.59675		PS
1997	0.93	0.94	0.01	0.03198	0.62873		PS
1997	0.94	0.95	0.01	0.03571	0.66445		PS
1997	0.95	0.96	0.01	0.04017	0.70461		PS
1997	0.96	0.97	0.01	0.04424	0.74886		PS
1997	0.97	0.98	0.01	0.05004	0.7989		PS
1997	0.98	0.99	0.01	0.06074	0.85964		PS
1997	0.99	0.991	0.001	0.00721	0.86685		PS
1997	0.991	0.992	0.001	0.00756	0.8744		PS
1997	0.992	0.993	0.001	0.00795	0.88236		PS
1997	0.993	0.994	0.001	0.00845	0.8908		PS
1997	0.994	0.995	0.001	0.00907	0.89988		PS
1997	0.995	0.996	0.001	0.00991	0.90978		PS
1997	0.996	0.997	0.001	0.0111	0.92089		PS
1997	0.997	0.998	0.001	0.01301	0.93389		PS
1997	0.998	0.999	0.001	0.01685	0.95074		PS
1997	0.999	0.9991	0.0001	0.0021	0.95283		PS
1997	0.9991	0.9992	0.0001	0.00222	0.95506		PS
1997	0.9992	0.9993	0.0001	0.00238	0.95744		PS
1997	0.9993	0.9994	0.0001	0.00257	0.96001		PS
1997	0.9994	0.9995	0.0001	0.00282	0.96282		PS
1997	0.9995	0.9996	0.0001	0.00315	0.96597		PS
1997	0.9996	0.9997	0.0001	0.00364	0.96961		PS
1997	0.9997	0.9998	0.0001	0.00443	0.97404		PS
1997	0.9998	0.9999	0.0001	0.0061	0.98014		PS
1997	0.9999	0.99991	0.00001	0.00079	0.98093		PS
1997	0.99991	0.99992	0.00001	0.00085	0.98178		PS
1997	0.99992	0.99993	0.00001	0.00092	0.9827		PS
1997	0.99993	0.99994	0.00001	0.001	0.9837		PS
1997	0.99994	0.99995	0.00001	0.00112	0.98482		PS
1997	0.99995	0.99996	0.00001	0.00127	0.98608		PS
1997	0.99996	0.99997	0.00001	0.00149	0.98757		PS
1997	0.99997	0.99998	0.00001	0.00184	0.98941		PS
1997	0.99998	0.99999	0.00001	0.00256	0.99198		PS
1997	0.99999	1	0.00001	0.00802	1		PS
1996	0	0.01	0.01	0.0002	0.0002		PS
1996	0.01	0.02	0.01	0.00066	0.00086		PS
1996	0.02	0.03	0.01	0.00093	0.00179		PS
1996	0.03	0.04	0.01	0.00106	0.00285		PS
1996	0.04	0.05	0.01	0.00116	0.00401		PS
1996	0.05	0.06	0.01	0.00127	0.00528		PS
1996	0.06	0.07	0.01	0.00138	0.00666		PS
1996	0.07	0.08	0.01	0.00149	0.00815		PS
1996	0.08	0.09	0.01	0.00159	0.00974		PS
1996	0.09	0.1	0.01	0.00169	0.01143		PS
1996	0.1	0.11	0.01	0.00177	0.0132		PS
1996	0.11	0.12	0.01	0.00185	0.01504		PS
1996	0.12	0.13	0.01	0.00194	0.01698		PS
1996	0.13	0.14	0.01	0.00204	0.01902		PS
1996	0.14	0.15	0.01	0.00213	0.02114		PS
1996	0.15	0.16	0.01	0.00221	0.02335		PS
1996	0.16	0.17	0.01	0.00231	0.02566		PS
1996	0.17	0.18	0.01	0.0024	0.02806		PS
1996	0.18	0.19	0.01	0.00249	0.03056		PS
1996	0.19	0.2	0.01	0.00257	0.03313		PS
1996	0.2	0.21	0.01	0.00265	0.03578		PS
1996	0.21	0.22	0.01	0.00274	0.03852		PS
1996	0.22	0.23	0.01	0.00283	0.04135		PS
1996	0.23	0.24	0.01	0.00291	0.04425		PS
1996	0.24	0.25	0.01	0.00296	0.04722		PS
1996	0.25	0.26	0.01	0.00302	0.05024		PS
1996	0.26	0.27	0.01	0.00309	0.05333		PS
1996	0.27	0.28	0.01	0.00317	0.0565		PS
1996	0.28	0.29	0.01	0.00325	0.05976		PS
1996	0.29	0.3	0.01	0.00333	0.06309		PS
1996	0.3	0.31	0.01	0.00341	0.0665		PS
1996	0.31	0.32	0.01	0.00349	0.06999		PS
1996	0.32	0.33	0.01	0.00357	0.07357		PS
1996	0.33	0.34	0.01	0.00365	0.07722		PS
1996	0.34	0.35	0.01	0.00373	0.08095		PS
1996	0.35	0.36	0.01	0.0038	0.08475		PS
1996	0.36	0.37	0.01	0.00388	0.08863		PS
1996	0.37	0.38	0.01	0.00396	0.09259		PS
1996	0.38	0.39	0.01	0.00405	0.09664		PS
1996	0.39	0.4	0.01	0.00414	0.10078		PS
1996	0.4	0.41	0.01	0.00424	0.10502		PS
1996	0.41	0.42	0.01	0.00435	0.10937		PS
1996	0.42	0.43	0.01	0.00446	0.11383		PS
1996	0.43	0.44	0.01	0.00458	0.11842		PS
1996	0.44	0.45	0.01	0.00471	0.12313		PS
1996	0.45	0.46	0.01	0.00484	0.12796		PS
1996	0.46	0.47	0.01	0.00496	0.13292		PS
1996	0.47	0.48	0.01	0.00508	0.138		PS
1996	0.48	0.49	0.01	0.00519	0.14319		PS
1996	0.49	0.5	0.01	0.0053	0.14849		PS
1996	0.5	0.51	0.01	0.00541	0.1539		PS
1996	0.51	0.52	0.01	0.00553	0.15943		PS
1996	0.52	0.53	0.01	0.00565	0.16508		PS
1996	0.53	0.54	0.01	0.00577	0.17084		PS
1996	0.54	0.55	0.01	0.00589	0.17673		PS
1996	0.55	0.56	0.01	0.00601	0.18275		PS
1996	0.56	0.57	0.01	0.00614	0.18889		PS
1996	0.57	0.58	0.01	0.00627	0.19516		PS
1996	0.58	0.59	0.01	0.00639	0.20155		PS
1996	0.59	0.6	0.01	0.00652	0.20807		PS
1996	0.6	0.61	0.01	0.00665	0.21472		PS
1996	0.61	0.62	0.01	0.00678	0.22151		PS
1996	0.62	0.63	0.01	0.00692	0.22843		PS
1996	0.63	0.64	0.01	0.00707	0.2355		PS
1996	0.64	0.65	0.01	0.00722	0.24272		PS
1996	0.65	0.66	0.01	0.00738	0.25009		PS
1996	0.66	0.67	0.01	0.00754	0.25763		PS
1996	0.67	0.68	0.01	0.00771	0.26534		PS
1996	0.68	0.69	0.01	0.00788	0.27321		PS
1996	0.69	0.7	0.01	0.00805	0.28126		PS
1996	0.7	0.71	0.01	0.00823	0.28949		PS
1996	0.71	0.72	0.01	0.00842	0.29791		PS
1996	0.72	0.73	0.01	0.00862	0.30653		PS
1996	0.73	0.74	0.01	0.00882	0.31535		PS
1996	0.74	0.75	0.01	0.00902	0.32437		PS
1996	0.75	0.76	0.01	0.00924	0.33361		PS
1996	0.76	0.77	0.01	0.00947	0.34307		PS
1996	0.77	0.78	0.01	0.00971	0.35279		PS
1996	0.78	0.79	0.01	0.00999	0.36277		PS
1996	0.79	0.8	0.01	0.01029	0.37306		PS
1996	0.8	0.81	0.01	0.01064	0.38371		PS
1996	0.81	0.82	0.01	0.0111	0.3948		PS
1996	0.82	0.83	0.01	0.01171	0.40651		PS
1996	0.83	0.84	0.01	0.01247	0.41898		PS
1996	0.84	0.85	0.01	0.01336	0.43233		PS
1996	0.85	0.86	0.01	0.01436	0.4467		PS
1996	0.86	0.87	0.01	0.01564	0.46234		PS
1996	0.87	0.88	0.01	0.01725	0.47959		PS
1996	0.88	0.89	0.01	0.01912	0.49871		PS
1996	0.89	0.9	0.01	0.02121	0.51992		PS
1996	0.9	0.91	0.01	0.02361	0.54353		PS
1996	0.91	0.92	0.01	0.02642	0.56994		PS
1996	0.92	0.93	0.01	0.02923	0.59917		PS
1996	0.93	0.94	0.01	0.03207	0.63124		PS
1996	0.94	0.95	0.01	0.03579	0.66703		PS
1996	0.95	0.96	0.01	0.04029	0.70732		PS
1996	0.96	0.97	0.01	0.04426	0.75157		PS
1996	0.97	0.98	0.01	0.04997	0.80154		PS
1996	0.98	0.99	0.01	0.06043	0.86198		PS
1996	0.99	1	0.01	0.13802	1		PS
