year	low	high	width	share	cumul	# sptinc992j	country
2016	0	0.01	0.01	-0.00003	-0.00003		TR
2016	0.01	0.02	0.01	0.00026	0.00024		TR
2016	0.02	0.03	0.01	0.00049	0.00072		TR
2016	0.03	0.04	0.01	0.00071	0.00143		TR
2016	0.04	0.05	0.01	0.00092	0.00235		TR
2016	0.05	0.06	0.01	0.00114	0.00349		TR
2016	0.06	0.07	0.01	0.00135	0.00484		TR
2016	0.07	0.08	0.01	0.00155	0.00639		TR
2016	0.08	0.09	0.01	0.00175	0.00814		TR
2016	0.09	0.1	0.01	0.00194	0.01008		TR
2016	0.1	0.11	0.01	0.00212	0.0122		TR
2016	0.11	0.12	0.01	0.00229	0.01449		TR
2016	0.12	0.13	0.01	0.00245	0.01694		TR
2016	0.13	0.14	0.01	0.0026	0.01954		TR
2016	0.14	0.15	0.01	0.00273	0.02226		TR
2016	0.15	0.16	0.01	0.00284	0.02511		TR
2016	0.16	0.17	0.01	0.00294	0.02805		TR
2016	0.17	0.18	0.01	0.00302	0.03107		TR
2016	0.18	0.19	0.01	0.00309	0.03416		TR
2016	0.19	0.2	0.01	0.00312	0.03728		TR
2016	0.2	0.21	0.01	0.00314	0.04042		TR
2016	0.21	0.22	0.01	0.00315	0.04357		TR
2016	0.22	0.23	0.01	0.00317	0.04674		TR
2016	0.23	0.24	0.01	0.00318	0.04992		TR
2016	0.24	0.25	0.01	0.0032	0.05312		TR
2016	0.25	0.26	0.01	0.00321	0.05632		TR
2016	0.26	0.27	0.01	0.00322	0.05955		TR
2016	0.27	0.28	0.01	0.00324	0.06279		TR
2016	0.28	0.29	0.01	0.00326	0.06605		TR
2016	0.29	0.3	0.01	0.00329	0.06933		TR
2016	0.3	0.31	0.01	0.00331	0.07265		TR
2016	0.31	0.32	0.01	0.00334	0.07599		TR
2016	0.32	0.33	0.01	0.00337	0.07937		TR
2016	0.33	0.34	0.01	0.00341	0.08277		TR
2016	0.34	0.35	0.01	0.00344	0.08622		TR
2016	0.35	0.36	0.01	0.00348	0.0897		TR
2016	0.36	0.37	0.01	0.00352	0.09322		TR
2016	0.37	0.38	0.01	0.00357	0.09679		TR
2016	0.38	0.39	0.01	0.00362	0.10042		TR
2016	0.39	0.4	0.01	0.00368	0.1041		TR
2016	0.4	0.41	0.01	0.00375	0.10785		TR
2016	0.41	0.42	0.01	0.00382	0.11167		TR
2016	0.42	0.43	0.01	0.00391	0.11558		TR
2016	0.43	0.44	0.01	0.00401	0.11959		TR
2016	0.44	0.45	0.01	0.00411	0.1237		TR
2016	0.45	0.46	0.01	0.00423	0.12793		TR
2016	0.46	0.47	0.01	0.00435	0.13228		TR
2016	0.47	0.48	0.01	0.00448	0.13676		TR
2016	0.48	0.49	0.01	0.00461	0.14137		TR
2016	0.49	0.5	0.01	0.00475	0.14613		TR
2016	0.5	0.51	0.01	0.00489	0.15102		TR
2016	0.51	0.52	0.01	0.00503	0.15604		TR
2016	0.52	0.53	0.01	0.00517	0.16121		TR
2016	0.53	0.54	0.01	0.0053	0.16651		TR
2016	0.54	0.55	0.01	0.00543	0.17195		TR
2016	0.55	0.56	0.01	0.00556	0.17751		TR
2016	0.56	0.57	0.01	0.00568	0.18319		TR
2016	0.57	0.58	0.01	0.00579	0.18897		TR
2016	0.58	0.59	0.01	0.00589	0.19486		TR
2016	0.59	0.6	0.01	0.00598	0.20084		TR
2016	0.6	0.61	0.01	0.00607	0.20691		TR
2016	0.61	0.62	0.01	0.00616	0.21307		TR
2016	0.62	0.63	0.01	0.00624	0.21931		TR
2016	0.63	0.64	0.01	0.00632	0.22563		TR
2016	0.64	0.65	0.01	0.0064	0.23203		TR
2016	0.65	0.66	0.01	0.00648	0.23851		TR
2016	0.66	0.67	0.01	0.00656	0.24507		TR
2016	0.67	0.68	0.01	0.00665	0.25172		TR
2016	0.68	0.69	0.01	0.00674	0.25846		TR
2016	0.69	0.7	0.01	0.00684	0.2653		TR
2016	0.7	0.71	0.01	0.00694	0.27225		TR
2016	0.71	0.72	0.01	0.00706	0.27931		TR
2016	0.72	0.73	0.01	0.00719	0.28649		TR
2016	0.73	0.74	0.01	0.00733	0.29382		TR
2016	0.74	0.75	0.01	0.00748	0.3013		TR
2016	0.75	0.76	0.01	0.00765	0.30895		TR
2016	0.76	0.77	0.01	0.00784	0.31679		TR
2016	0.77	0.78	0.01	0.00805	0.32483		TR
2016	0.78	0.79	0.01	0.00827	0.33311		TR
2016	0.79	0.8	0.01	0.00853	0.34164		TR
2016	0.8	0.81	0.01	0.00884	0.35048		TR
2016	0.81	0.82	0.01	0.00921	0.35969		TR
2016	0.82	0.83	0.01	0.00967	0.36937		TR
2016	0.83	0.84	0.01	0.01024	0.37961		TR
2016	0.84	0.85	0.01	0.01092	0.39053		TR
2016	0.85	0.86	0.01	0.01173	0.40225		TR
2016	0.86	0.87	0.01	0.0127	0.41495		TR
2016	0.87	0.88	0.01	0.01383	0.42878		TR
2016	0.88	0.89	0.01	0.01518	0.44395		TR
2016	0.89	0.9	0.01	0.01674	0.46069		TR
2016	0.9	0.91	0.01	0.01851	0.47921		TR
2016	0.91	0.92	0.01	0.02055	0.49975		TR
2016	0.92	0.93	0.01	0.02291	0.52266		TR
2016	0.93	0.94	0.01	0.02572	0.54838		TR
2016	0.94	0.95	0.01	0.02918	0.57756		TR
2016	0.95	0.96	0.01	0.03361	0.61117		TR
2016	0.96	0.97	0.01	0.03964	0.65081		TR
2016	0.97	0.98	0.01	0.0488	0.69961		TR
2016	0.98	0.99	0.01	0.06604	0.76565		TR
2016	0.99	0.991	0.001	0.00839	0.77403		TR
2016	0.991	0.992	0.001	0.00894	0.78297		TR
2016	0.992	0.993	0.001	0.00961	0.79258		TR
2016	0.993	0.994	0.001	0.01047	0.80305		TR
2016	0.994	0.995	0.001	0.01156	0.8146		TR
2016	0.995	0.996	0.001	0.01305	0.82765		TR
2016	0.996	0.997	0.001	0.01525	0.8429		TR
2016	0.997	0.998	0.001	0.01889	0.86179		TR
2016	0.998	0.999	0.001	0.0266	0.8884		TR
2016	0.999	0.9991	0.0001	0.00352	0.89192		TR
2016	0.9991	0.9992	0.0001	0.0038	0.89572		TR
2016	0.9992	0.9993	0.0001	0.00414	0.89986		TR
2016	0.9993	0.9994	0.0001	0.00456	0.90442		TR
2016	0.9994	0.9995	0.0001	0.00512	0.90954		TR
2016	0.9995	0.9996	0.0001	0.00589	0.91543		TR
2016	0.9996	0.9997	0.0001	0.00702	0.92245		TR
2016	0.9997	0.9998	0.0001	0.00892	0.93137		TR
2016	0.9998	0.9999	0.0001	0.01302	0.94439		TR
2016	0.9999	0.99991	0.00001	0.00176	0.94615		TR
2016	0.99991	0.99992	0.00001	0.00191	0.94806		TR
2016	0.99992	0.99993	0.00001	0.00209	0.95015		TR
2016	0.99993	0.99994	0.00001	0.00232	0.95247		TR
2016	0.99994	0.99995	0.00001	0.00262	0.95509		TR
2016	0.99995	0.99996	0.00001	0.00303	0.95811		TR
2016	0.99996	0.99997	0.00001	0.00363	0.96174		TR
2016	0.99997	0.99998	0.00001	0.00463	0.96637		TR
2016	0.99998	0.99999	0.00001	0.00674	0.97312		TR
2016	0.99999	1	0.00001	0.02688	1		TR
2015	0	0.01	0.01	-0.00004	-0.00004		TR
2015	0.01	0.02	0.01	0.00026	0.00023		TR
2015	0.02	0.03	0.01	0.00049	0.00071		TR
2015	0.03	0.04	0.01	0.00071	0.00142		TR
2015	0.04	0.05	0.01	0.00093	0.00235		TR
2015	0.05	0.06	0.01	0.00114	0.00349		TR
2015	0.06	0.07	0.01	0.00136	0.00485		TR
2015	0.07	0.08	0.01	0.00156	0.00641		TR
2015	0.08	0.09	0.01	0.00176	0.00817		TR
2015	0.09	0.1	0.01	0.00195	0.01013		TR
2015	0.1	0.11	0.01	0.00214	0.01226		TR
2015	0.11	0.12	0.01	0.00231	0.01457		TR
2015	0.12	0.13	0.01	0.00247	0.01704		TR
2015	0.13	0.14	0.01	0.00262	0.01965		TR
2015	0.14	0.15	0.01	0.00275	0.0224		TR
2015	0.15	0.16	0.01	0.00287	0.02527		TR
2015	0.16	0.17	0.01	0.00297	0.02824		TR
2015	0.17	0.18	0.01	0.00305	0.03129		TR
2015	0.18	0.19	0.01	0.00312	0.03441		TR
2015	0.19	0.2	0.01	0.00315	0.03756		TR
2015	0.2	0.21	0.01	0.00317	0.04073		TR
2015	0.21	0.22	0.01	0.00319	0.04393		TR
2015	0.22	0.23	0.01	0.00321	0.04714		TR
2015	0.23	0.24	0.01	0.00323	0.05036		TR
2015	0.24	0.25	0.01	0.00324	0.0536		TR
2015	0.25	0.26	0.01	0.00326	0.05686		TR
2015	0.26	0.27	0.01	0.00328	0.06014		TR
2015	0.27	0.28	0.01	0.0033	0.06343		TR
2015	0.28	0.29	0.01	0.00332	0.06675		TR
2015	0.29	0.3	0.01	0.00335	0.0701		TR
2015	0.3	0.31	0.01	0.00338	0.07348		TR
2015	0.31	0.32	0.01	0.00341	0.07689		TR
2015	0.32	0.33	0.01	0.00345	0.08034		TR
2015	0.33	0.34	0.01	0.00348	0.08382		TR
2015	0.34	0.35	0.01	0.00352	0.08734		TR
2015	0.35	0.36	0.01	0.00356	0.09091		TR
2015	0.36	0.37	0.01	0.00361	0.09451		TR
2015	0.37	0.38	0.01	0.00366	0.09817		TR
2015	0.38	0.39	0.01	0.00372	0.10189		TR
2015	0.39	0.4	0.01	0.00378	0.10566		TR
2015	0.4	0.41	0.01	0.00385	0.10951		TR
2015	0.41	0.42	0.01	0.00393	0.11344		TR
2015	0.42	0.43	0.01	0.00402	0.11746		TR
2015	0.43	0.44	0.01	0.00412	0.12158		TR
2015	0.44	0.45	0.01	0.00423	0.12581		TR
2015	0.45	0.46	0.01	0.00435	0.13015		TR
2015	0.46	0.47	0.01	0.00447	0.13463		TR
2015	0.47	0.48	0.01	0.00461	0.13923		TR
2015	0.48	0.49	0.01	0.00474	0.14397		TR
2015	0.49	0.5	0.01	0.00488	0.14886		TR
2015	0.5	0.51	0.01	0.00503	0.15388		TR
2015	0.51	0.52	0.01	0.00517	0.15905		TR
2015	0.52	0.53	0.01	0.00531	0.16436		TR
2015	0.53	0.54	0.01	0.00545	0.16981		TR
2015	0.54	0.55	0.01	0.00558	0.17539		TR
2015	0.55	0.56	0.01	0.00571	0.1811		TR
2015	0.56	0.57	0.01	0.00583	0.18694		TR
2015	0.57	0.58	0.01	0.00595	0.19288		TR
2015	0.58	0.59	0.01	0.00605	0.19894		TR
2015	0.59	0.6	0.01	0.00615	0.20509		TR
2015	0.6	0.61	0.01	0.00625	0.21134		TR
2015	0.61	0.62	0.01	0.00634	0.21767		TR
2015	0.62	0.63	0.01	0.00642	0.2241		TR
2015	0.63	0.64	0.01	0.00651	0.23061		TR
2015	0.64	0.65	0.01	0.0066	0.2372		TR
2015	0.65	0.66	0.01	0.00668	0.24389		TR
2015	0.66	0.67	0.01	0.00677	0.25066		TR
2015	0.67	0.68	0.01	0.00687	0.25753		TR
2015	0.68	0.69	0.01	0.00696	0.26449		TR
2015	0.69	0.7	0.01	0.00707	0.27156		TR
2015	0.7	0.71	0.01	0.00718	0.27874		TR
2015	0.71	0.72	0.01	0.00731	0.28605		TR
2015	0.72	0.73	0.01	0.00744	0.29349		TR
2015	0.73	0.74	0.01	0.00759	0.30108		TR
2015	0.74	0.75	0.01	0.00775	0.30883		TR
2015	0.75	0.76	0.01	0.00793	0.31676		TR
2015	0.76	0.77	0.01	0.00813	0.32488		TR
2015	0.77	0.78	0.01	0.00834	0.33322		TR
2015	0.78	0.79	0.01	0.00858	0.34181		TR
2015	0.79	0.8	0.01	0.00885	0.35066		TR
2015	0.8	0.81	0.01	0.00917	0.35983		TR
2015	0.81	0.82	0.01	0.00956	0.3694		TR
2015	0.82	0.83	0.01	0.01004	0.37944		TR
2015	0.83	0.84	0.01	0.01063	0.39007		TR
2015	0.84	0.85	0.01	0.01134	0.40141		TR
2015	0.85	0.86	0.01	0.01218	0.41358		TR
2015	0.86	0.87	0.01	0.01318	0.42676		TR
2015	0.87	0.88	0.01	0.01435	0.44111		TR
2015	0.88	0.89	0.01	0.01573	0.45684		TR
2015	0.89	0.9	0.01	0.01734	0.47419		TR
2015	0.9	0.91	0.01	0.01916	0.49335		TR
2015	0.91	0.92	0.01	0.02124	0.51459		TR
2015	0.92	0.93	0.01	0.02365	0.53824		TR
2015	0.93	0.94	0.01	0.0265	0.56474		TR
2015	0.94	0.95	0.01	0.02998	0.59472		TR
2015	0.95	0.96	0.01	0.03441	0.62913		TR
2015	0.96	0.97	0.01	0.04037	0.6695		TR
2015	0.97	0.98	0.01	0.0493	0.7188		TR
2015	0.98	0.99	0.01	0.06576	0.78457		TR
2015	0.99	0.991	0.001	0.00825	0.79282		TR
2015	0.991	0.992	0.001	0.00877	0.80159		TR
2015	0.992	0.993	0.001	0.0094	0.81099		TR
2015	0.993	0.994	0.001	0.01019	0.82118		TR
2015	0.994	0.995	0.001	0.01121	0.83239		TR
2015	0.995	0.996	0.001	0.01259	0.84497		TR
2015	0.996	0.997	0.001	0.01461	0.85958		TR
2015	0.997	0.998	0.001	0.01793	0.87751		TR
2015	0.998	0.999	0.001	0.02491	0.90242		TR
2015	0.999	0.9991	0.0001	0.00327	0.90569		TR
2015	0.9991	0.9992	0.0001	0.00352	0.9092		TR
2015	0.9992	0.9993	0.0001	0.00382	0.91302		TR
2015	0.9993	0.9994	0.0001	0.0042	0.91722		TR
2015	0.9994	0.9995	0.0001	0.00469	0.92191		TR
2015	0.9995	0.9996	0.0001	0.00537	0.92728		TR
2015	0.9996	0.9997	0.0001	0.00638	0.93366		TR
2015	0.9997	0.9998	0.0001	0.00806	0.94172		TR
2015	0.9998	0.9999	0.0001	0.01165	0.95336		TR
2015	0.9999	0.99991	0.00001	0.00157	0.95493		TR
2015	0.99991	0.99992	0.00001	0.0017	0.95663		TR
2015	0.99992	0.99993	0.00001	0.00185	0.95848		TR
2015	0.99993	0.99994	0.00001	0.00205	0.96053		TR
2015	0.99994	0.99995	0.00001	0.00231	0.96284		TR
2015	0.99995	0.99996	0.00001	0.00266	0.9655		TR
2015	0.99996	0.99997	0.00001	0.00319	0.96869		TR
2015	0.99997	0.99998	0.00001	0.00405	0.97274		TR
2015	0.99998	0.99999	0.00001	0.00584	0.97858		TR
2015	0.99999	1	0.00001	0.02142	1		TR
2014	0	0.01	0.01	-0.00004	-0.00004		TR
2014	0.01	0.02	0.01	0.00026	0.00022		TR
2014	0.02	0.03	0.01	0.00049	0.00072		TR
2014	0.03	0.04	0.01	0.00072	0.00143		TR
2014	0.04	0.05	0.01	0.00094	0.00237		TR
2014	0.05	0.06	0.01	0.00116	0.00353		TR
2014	0.06	0.07	0.01	0.00137	0.00491		TR
2014	0.07	0.08	0.01	0.00158	0.00649		TR
2014	0.08	0.09	0.01	0.00179	0.00828		TR
2014	0.09	0.1	0.01	0.00198	0.01026		TR
2014	0.1	0.11	0.01	0.00217	0.01242		TR
2014	0.11	0.12	0.01	0.00234	0.01476		TR
2014	0.12	0.13	0.01	0.0025	0.01726		TR
2014	0.13	0.14	0.01	0.00265	0.01992		TR
2014	0.14	0.15	0.01	0.00279	0.0227		TR
2014	0.15	0.16	0.01	0.00291	0.02561		TR
2014	0.16	0.17	0.01	0.00301	0.02862		TR
2014	0.17	0.18	0.01	0.00309	0.03171		TR
2014	0.18	0.19	0.01	0.00316	0.03487		TR
2014	0.19	0.2	0.01	0.00319	0.03807		TR
2014	0.2	0.21	0.01	0.00322	0.04128		TR
2014	0.21	0.22	0.01	0.00324	0.04452		TR
2014	0.22	0.23	0.01	0.00326	0.04778		TR
2014	0.23	0.24	0.01	0.00327	0.05105		TR
2014	0.24	0.25	0.01	0.00329	0.05434		TR
2014	0.25	0.26	0.01	0.0033	0.05764		TR
2014	0.26	0.27	0.01	0.00332	0.06096		TR
2014	0.27	0.28	0.01	0.00334	0.06431		TR
2014	0.28	0.29	0.01	0.00337	0.06768		TR
2014	0.29	0.3	0.01	0.0034	0.07108		TR
2014	0.3	0.31	0.01	0.00343	0.07451		TR
2014	0.31	0.32	0.01	0.00346	0.07797		TR
2014	0.32	0.33	0.01	0.0035	0.08147		TR
2014	0.33	0.34	0.01	0.00354	0.08501		TR
2014	0.34	0.35	0.01	0.00358	0.08858		TR
2014	0.35	0.36	0.01	0.00362	0.0922		TR
2014	0.36	0.37	0.01	0.00367	0.09587		TR
2014	0.37	0.38	0.01	0.00372	0.09959		TR
2014	0.38	0.39	0.01	0.00378	0.10337		TR
2014	0.39	0.4	0.01	0.00384	0.10721		TR
2014	0.4	0.41	0.01	0.00391	0.11112		TR
2014	0.41	0.42	0.01	0.00399	0.11511		TR
2014	0.42	0.43	0.01	0.00409	0.1192		TR
2014	0.43	0.44	0.01	0.00419	0.12339		TR
2014	0.44	0.45	0.01	0.0043	0.12768		TR
2014	0.45	0.46	0.01	0.00442	0.1321		TR
2014	0.46	0.47	0.01	0.00455	0.13665		TR
2014	0.47	0.48	0.01	0.00468	0.14133		TR
2014	0.48	0.49	0.01	0.00482	0.14614		TR
2014	0.49	0.5	0.01	0.00496	0.1511		TR
2014	0.5	0.51	0.01	0.0051	0.1562		TR
2014	0.51	0.52	0.01	0.00525	0.16145		TR
2014	0.52	0.53	0.01	0.00539	0.16684		TR
2014	0.53	0.54	0.01	0.00553	0.17237		TR
2014	0.54	0.55	0.01	0.00566	0.17803		TR
2014	0.55	0.56	0.01	0.00579	0.18383		TR
2014	0.56	0.57	0.01	0.00592	0.18974		TR
2014	0.57	0.58	0.01	0.00603	0.19577		TR
2014	0.58	0.59	0.01	0.00614	0.20191		TR
2014	0.59	0.6	0.01	0.00624	0.20815		TR
2014	0.6	0.61	0.01	0.00633	0.21448		TR
2014	0.61	0.62	0.01	0.00642	0.2209		TR
2014	0.62	0.63	0.01	0.00651	0.22741		TR
2014	0.63	0.64	0.01	0.0066	0.23401		TR
2014	0.64	0.65	0.01	0.00668	0.24069		TR
2014	0.65	0.66	0.01	0.00677	0.24746		TR
2014	0.66	0.67	0.01	0.00686	0.25433		TR
2014	0.67	0.68	0.01	0.00696	0.26129		TR
2014	0.68	0.69	0.01	0.00706	0.26834		TR
2014	0.69	0.7	0.01	0.00716	0.27551		TR
2014	0.7	0.71	0.01	0.00728	0.28278		TR
2014	0.71	0.72	0.01	0.0074	0.29019		TR
2014	0.72	0.73	0.01	0.00754	0.29772		TR
2014	0.73	0.74	0.01	0.00769	0.30541		TR
2014	0.74	0.75	0.01	0.00785	0.31326		TR
2014	0.75	0.76	0.01	0.00803	0.32129		TR
2014	0.76	0.77	0.01	0.00823	0.32952		TR
2014	0.77	0.78	0.01	0.00844	0.33796		TR
2014	0.78	0.79	0.01	0.00868	0.34665		TR
2014	0.79	0.8	0.01	0.00896	0.35561		TR
2014	0.8	0.81	0.01	0.00928	0.36489		TR
2014	0.81	0.82	0.01	0.00967	0.37456		TR
2014	0.82	0.83	0.01	0.01016	0.38471		TR
2014	0.83	0.84	0.01	0.01074	0.39546		TR
2014	0.84	0.85	0.01	0.01145	0.40691		TR
2014	0.85	0.86	0.01	0.01229	0.4192		TR
2014	0.86	0.87	0.01	0.01329	0.43249		TR
2014	0.87	0.88	0.01	0.01446	0.44695		TR
2014	0.88	0.89	0.01	0.01585	0.46281		TR
2014	0.89	0.9	0.01	0.01745	0.48026		TR
2014	0.9	0.91	0.01	0.01927	0.49953		TR
2014	0.91	0.92	0.01	0.02134	0.52087		TR
2014	0.92	0.93	0.01	0.02374	0.54461		TR
2014	0.93	0.94	0.01	0.02657	0.57118		TR
2014	0.94	0.95	0.01	0.03002	0.60121		TR
2014	0.95	0.96	0.01	0.0344	0.63561		TR
2014	0.96	0.97	0.01	0.04029	0.6759		TR
2014	0.97	0.98	0.01	0.04907	0.72497		TR
2014	0.98	0.99	0.01	0.06519	0.79016		TR
2014	0.99	0.991	0.001	0.00816	0.79832		TR
2014	0.991	0.992	0.001	0.00866	0.80698		TR
2014	0.992	0.993	0.001	0.00927	0.81625		TR
2014	0.993	0.994	0.001	0.01005	0.8263		TR
2014	0.994	0.995	0.001	0.01103	0.83733		TR
2014	0.995	0.996	0.001	0.01237	0.8497		TR
2014	0.996	0.997	0.001	0.01434	0.86404		TR
2014	0.997	0.998	0.001	0.01755	0.88159		TR
2014	0.998	0.999	0.001	0.02431	0.9059		TR
2014	0.999	0.9991	0.0001	0.00318	0.90908		TR
2014	0.9991	0.9992	0.0001	0.00342	0.91251		TR
2014	0.9992	0.9993	0.0001	0.00371	0.91622		TR
2014	0.9993	0.9994	0.0001	0.00408	0.9203		TR
2014	0.9994	0.9995	0.0001	0.00456	0.92486		TR
2014	0.9995	0.9996	0.0001	0.00522	0.93008		TR
2014	0.9996	0.9997	0.0001	0.00619	0.93627		TR
2014	0.9997	0.9998	0.0001	0.00781	0.94407		TR
2014	0.9998	0.9999	0.0001	0.01127	0.95535		TR
2014	0.9999	0.99991	0.00001	0.00152	0.95686		TR
2014	0.99991	0.99992	0.00001	0.00164	0.9585		TR
2014	0.99992	0.99993	0.00001	0.00179	0.96029		TR
2014	0.99993	0.99994	0.00001	0.00198	0.96228		TR
2014	0.99994	0.99995	0.00001	0.00224	0.96451		TR
2014	0.99995	0.99996	0.00001	0.00258	0.96709		TR
2014	0.99996	0.99997	0.00001	0.00308	0.97017		TR
2014	0.99997	0.99998	0.00001	0.00391	0.97408		TR
2014	0.99998	0.99999	0.00001	0.00564	0.97972		TR
2014	0.99999	1	0.00001	0.02028	1		TR
2013	0	0.01	0.01	0.00042	0.00042		TR
2013	0.01	0.02	0.01	0.00107	0.00149		TR
2013	0.02	0.03	0.01	0.00135	0.00284		TR
2013	0.03	0.04	0.01	0.00147	0.00431		TR
2013	0.04	0.05	0.01	0.00155	0.00586		TR
2013	0.05	0.06	0.01	0.00171	0.00757		TR
2013	0.06	0.07	0.01	0.00187	0.00944		TR
2013	0.07	0.08	0.01	0.00199	0.01142		TR
2013	0.08	0.09	0.01	0.00209	0.01351		TR
2013	0.09	0.1	0.01	0.00219	0.01569		TR
2013	0.1	0.11	0.01	0.00228	0.01798		TR
2013	0.11	0.12	0.01	0.00237	0.02035		TR
2013	0.12	0.13	0.01	0.00246	0.0228		TR
2013	0.13	0.14	0.01	0.00254	0.02534		TR
2013	0.14	0.15	0.01	0.00261	0.02796		TR
2013	0.15	0.16	0.01	0.00268	0.03064		TR
2013	0.16	0.17	0.01	0.00275	0.03339		TR
2013	0.17	0.18	0.01	0.00282	0.0362		TR
2013	0.18	0.19	0.01	0.00288	0.03909		TR
2013	0.19	0.2	0.01	0.00295	0.04204		TR
2013	0.2	0.21	0.01	0.00303	0.04507		TR
2013	0.21	0.22	0.01	0.0031	0.04817		TR
2013	0.22	0.23	0.01	0.00317	0.05135		TR
2013	0.23	0.24	0.01	0.00324	0.05459		TR
2013	0.24	0.25	0.01	0.00331	0.0579		TR
2013	0.25	0.26	0.01	0.00338	0.06128		TR
2013	0.26	0.27	0.01	0.00345	0.06473		TR
2013	0.27	0.28	0.01	0.00352	0.06825		TR
2013	0.28	0.29	0.01	0.00358	0.07183		TR
2013	0.29	0.3	0.01	0.00365	0.07547		TR
2013	0.3	0.31	0.01	0.00371	0.07919		TR
2013	0.31	0.32	0.01	0.00378	0.08296		TR
2013	0.32	0.33	0.01	0.00385	0.08681		TR
2013	0.33	0.34	0.01	0.00391	0.09072		TR
2013	0.34	0.35	0.01	0.00398	0.0947		TR
2013	0.35	0.36	0.01	0.00404	0.09874		TR
2013	0.36	0.37	0.01	0.00411	0.10285		TR
2013	0.37	0.38	0.01	0.00418	0.10703		TR
2013	0.38	0.39	0.01	0.00425	0.11129		TR
2013	0.39	0.4	0.01	0.00433	0.11561		TR
2013	0.4	0.41	0.01	0.0044	0.12001		TR
2013	0.41	0.42	0.01	0.00447	0.12449		TR
2013	0.42	0.43	0.01	0.00455	0.12903		TR
2013	0.43	0.44	0.01	0.00462	0.13365		TR
2013	0.44	0.45	0.01	0.0047	0.13835		TR
2013	0.45	0.46	0.01	0.00477	0.14312		TR
2013	0.46	0.47	0.01	0.00485	0.14797		TR
2013	0.47	0.48	0.01	0.00492	0.1529		TR
2013	0.48	0.49	0.01	0.005	0.1579		TR
2013	0.49	0.5	0.01	0.00508	0.16298		TR
2013	0.5	0.51	0.01	0.00516	0.16814		TR
2013	0.51	0.52	0.01	0.00524	0.17338		TR
2013	0.52	0.53	0.01	0.00533	0.17871		TR
2013	0.53	0.54	0.01	0.00542	0.18413		TR
2013	0.54	0.55	0.01	0.0055	0.18963		TR
2013	0.55	0.56	0.01	0.0056	0.19523		TR
2013	0.56	0.57	0.01	0.00569	0.20092		TR
2013	0.57	0.58	0.01	0.00579	0.20671		TR
2013	0.58	0.59	0.01	0.00589	0.21259		TR
2013	0.59	0.6	0.01	0.00599	0.21859		TR
2013	0.6	0.61	0.01	0.0061	0.22468		TR
2013	0.61	0.62	0.01	0.00621	0.23089		TR
2013	0.62	0.63	0.01	0.00632	0.23721		TR
2013	0.63	0.64	0.01	0.00644	0.24364		TR
2013	0.64	0.65	0.01	0.00655	0.2502		TR
2013	0.65	0.66	0.01	0.00667	0.25687		TR
2013	0.66	0.67	0.01	0.0068	0.26367		TR
2013	0.67	0.68	0.01	0.00692	0.27059		TR
2013	0.68	0.69	0.01	0.00705	0.27764		TR
2013	0.69	0.7	0.01	0.00718	0.28481		TR
2013	0.7	0.71	0.01	0.00731	0.29213		TR
2013	0.71	0.72	0.01	0.00746	0.29959		TR
2013	0.72	0.73	0.01	0.00761	0.30719		TR
2013	0.73	0.74	0.01	0.00777	0.31496		TR
2013	0.74	0.75	0.01	0.00794	0.32289		TR
2013	0.75	0.76	0.01	0.00812	0.33101		TR
2013	0.76	0.77	0.01	0.00832	0.33933		TR
2013	0.77	0.78	0.01	0.00853	0.34786		TR
2013	0.78	0.79	0.01	0.00877	0.35663		TR
2013	0.79	0.8	0.01	0.00905	0.36569		TR
2013	0.8	0.81	0.01	0.00939	0.37507		TR
2013	0.81	0.82	0.01	0.0098	0.38487		TR
2013	0.82	0.83	0.01	0.0103	0.39517		TR
2013	0.83	0.84	0.01	0.01089	0.40606		TR
2013	0.84	0.85	0.01	0.0116	0.41766		TR
2013	0.85	0.86	0.01	0.01244	0.43009		TR
2013	0.86	0.87	0.01	0.01345	0.44354		TR
2013	0.87	0.88	0.01	0.01464	0.45818		TR
2013	0.88	0.89	0.01	0.01608	0.47427		TR
2013	0.89	0.9	0.01	0.01783	0.4921		TR
2013	0.9	0.91	0.01	0.01995	0.51205		TR
2013	0.91	0.92	0.01	0.02248	0.53453		TR
2013	0.92	0.93	0.01	0.02523	0.55976		TR
2013	0.93	0.94	0.01	0.02814	0.5879		TR
2013	0.94	0.95	0.01	0.03146	0.61936		TR
2013	0.95	0.96	0.01	0.03556	0.65492		TR
2013	0.96	0.97	0.01	0.04088	0.6958		TR
2013	0.97	0.98	0.01	0.0493	0.7451		TR
2013	0.98	0.99	0.01	0.06467	0.80977		TR
2013	0.99	0.991	0.001	0.00779	0.81756		TR
2013	0.991	0.992	0.001	0.00821	0.82578		TR
2013	0.992	0.993	0.001	0.00873	0.83451		TR
2013	0.993	0.994	0.001	0.0094	0.8439		TR
2013	0.994	0.995	0.001	0.01026	0.85416		TR
2013	0.995	0.996	0.001	0.01141	0.86557		TR
2013	0.996	0.997	0.001	0.01311	0.87868		TR
2013	0.997	0.998	0.001	0.01589	0.89456		TR
2013	0.998	0.999	0.001	0.02175	0.91631		TR
2013	0.999	0.9991	0.0001	0.00283	0.91914		TR
2013	0.9991	0.9992	0.0001	0.00304	0.92218		TR
2013	0.9992	0.9993	0.0001	0.00329	0.92547		TR
2013	0.9993	0.9994	0.0001	0.00362	0.92908		TR
2013	0.9994	0.9995	0.0001	0.00403	0.93312		TR
2013	0.9995	0.9996	0.0001	0.00461	0.93773		TR
2013	0.9996	0.9997	0.0001	0.00547	0.94319		TR
2013	0.9997	0.9998	0.0001	0.00689	0.95008		TR
2013	0.9998	0.9999	0.0001	0.00995	0.96003		TR
2013	0.9999	0.99991	0.00001	0.00134	0.96137		TR
2013	0.99991	0.99992	0.00001	0.00145	0.96282		TR
2013	0.99992	0.99993	0.00001	0.00158	0.96441		TR
2013	0.99993	0.99994	0.00001	0.00176	0.96617		TR
2013	0.99994	0.99995	0.00001	0.00198	0.96815		TR
2013	0.99995	0.99996	0.00001	0.00229	0.97044		TR
2013	0.99996	0.99997	0.00001	0.00274	0.97317		TR
2013	0.99997	0.99998	0.00001	0.00348	0.97666		TR
2013	0.99998	0.99999	0.00001	0.00504	0.98169		TR
2013	0.99999	1	0.00001	0.01831	1		TR
2012	0	0.01	0.01	0.00029	0.00029		TR
2012	0.01	0.02	0.01	0.001	0.00128		TR
2012	0.02	0.03	0.01	0.00133	0.00261		TR
2012	0.03	0.04	0.01	0.00145	0.00405		TR
2012	0.04	0.05	0.01	0.00152	0.00557		TR
2012	0.05	0.06	0.01	0.00163	0.0072		TR
2012	0.06	0.07	0.01	0.00176	0.00896		TR
2012	0.07	0.08	0.01	0.00187	0.01084		TR
2012	0.08	0.09	0.01	0.00198	0.01281		TR
2012	0.09	0.1	0.01	0.00207	0.01488		TR
2012	0.1	0.11	0.01	0.00215	0.01703		TR
2012	0.11	0.12	0.01	0.00222	0.01926		TR
2012	0.12	0.13	0.01	0.00231	0.02156		TR
2012	0.13	0.14	0.01	0.00239	0.02396		TR
2012	0.14	0.15	0.01	0.00247	0.02643		TR
2012	0.15	0.16	0.01	0.00255	0.02898		TR
2012	0.16	0.17	0.01	0.00263	0.03161		TR
2012	0.17	0.18	0.01	0.00271	0.03432		TR
2012	0.18	0.19	0.01	0.00277	0.03709		TR
2012	0.19	0.2	0.01	0.00284	0.03993		TR
2012	0.2	0.21	0.01	0.00292	0.04285		TR
2012	0.21	0.22	0.01	0.00299	0.04584		TR
2012	0.22	0.23	0.01	0.00306	0.0489		TR
2012	0.23	0.24	0.01	0.00312	0.05202		TR
2012	0.24	0.25	0.01	0.00319	0.05521		TR
2012	0.25	0.26	0.01	0.00325	0.05846		TR
2012	0.26	0.27	0.01	0.00332	0.06179		TR
2012	0.27	0.28	0.01	0.0034	0.06518		TR
2012	0.28	0.29	0.01	0.00347	0.06866		TR
2012	0.29	0.3	0.01	0.00354	0.0722		TR
2012	0.3	0.31	0.01	0.00361	0.07581		TR
2012	0.31	0.32	0.01	0.00368	0.0795		TR
2012	0.32	0.33	0.01	0.00375	0.08325		TR
2012	0.33	0.34	0.01	0.00382	0.08707		TR
2012	0.34	0.35	0.01	0.00388	0.09095		TR
2012	0.35	0.36	0.01	0.00395	0.0949		TR
2012	0.36	0.37	0.01	0.00402	0.09892		TR
2012	0.37	0.38	0.01	0.00409	0.10302		TR
2012	0.38	0.39	0.01	0.00416	0.10718		TR
2012	0.39	0.4	0.01	0.00423	0.11141		TR
2012	0.4	0.41	0.01	0.0043	0.11571		TR
2012	0.41	0.42	0.01	0.00438	0.12009		TR
2012	0.42	0.43	0.01	0.00445	0.12454		TR
2012	0.43	0.44	0.01	0.00453	0.12906		TR
2012	0.44	0.45	0.01	0.0046	0.13366		TR
2012	0.45	0.46	0.01	0.00468	0.13834		TR
2012	0.46	0.47	0.01	0.00475	0.14309		TR
2012	0.47	0.48	0.01	0.00483	0.14792		TR
2012	0.48	0.49	0.01	0.00491	0.15283		TR
2012	0.49	0.5	0.01	0.00499	0.15782		TR
2012	0.5	0.51	0.01	0.00507	0.16289		TR
2012	0.51	0.52	0.01	0.00516	0.16804		TR
2012	0.52	0.53	0.01	0.00524	0.17329		TR
2012	0.53	0.54	0.01	0.00533	0.17861		TR
2012	0.54	0.55	0.01	0.00542	0.18403		TR
2012	0.55	0.56	0.01	0.00551	0.18954		TR
2012	0.56	0.57	0.01	0.0056	0.19515		TR
2012	0.57	0.58	0.01	0.0057	0.20085		TR
2012	0.58	0.59	0.01	0.0058	0.20664		TR
2012	0.59	0.6	0.01	0.0059	0.21254		TR
2012	0.6	0.61	0.01	0.006	0.21854		TR
2012	0.61	0.62	0.01	0.00611	0.22465		TR
2012	0.62	0.63	0.01	0.00622	0.23087		TR
2012	0.63	0.64	0.01	0.00633	0.2372		TR
2012	0.64	0.65	0.01	0.00645	0.24365		TR
2012	0.65	0.66	0.01	0.00656	0.25021		TR
2012	0.66	0.67	0.01	0.00669	0.2569		TR
2012	0.67	0.68	0.01	0.00682	0.26372		TR
2012	0.68	0.69	0.01	0.00695	0.27067		TR
2012	0.69	0.7	0.01	0.0071	0.27776		TR
2012	0.7	0.71	0.01	0.00725	0.28501		TR
2012	0.71	0.72	0.01	0.00741	0.29242		TR
2012	0.72	0.73	0.01	0.00758	0.3		TR
2012	0.73	0.74	0.01	0.00776	0.30776		TR
2012	0.74	0.75	0.01	0.00795	0.3157		TR
2012	0.75	0.76	0.01	0.00814	0.32385		TR
2012	0.76	0.77	0.01	0.00835	0.3322		TR
2012	0.77	0.78	0.01	0.00858	0.34078		TR
2012	0.78	0.79	0.01	0.00883	0.34961		TR
2012	0.79	0.8	0.01	0.00911	0.35872		TR
2012	0.8	0.81	0.01	0.00944	0.36816		TR
2012	0.81	0.82	0.01	0.00985	0.37801		TR
2012	0.82	0.83	0.01	0.01035	0.38836		TR
2012	0.83	0.84	0.01	0.01097	0.39933		TR
2012	0.84	0.85	0.01	0.01172	0.41105		TR
2012	0.85	0.86	0.01	0.01259	0.42364		TR
2012	0.86	0.87	0.01	0.01364	0.43728		TR
2012	0.87	0.88	0.01	0.01488	0.45217		TR
2012	0.88	0.89	0.01	0.01639	0.46855		TR
2012	0.89	0.9	0.01	0.01814	0.48669		TR
2012	0.9	0.91	0.01	0.02008	0.50677		TR
2012	0.91	0.92	0.01	0.02222	0.52899		TR
2012	0.92	0.93	0.01	0.02466	0.55366		TR
2012	0.93	0.94	0.01	0.02754	0.58119		TR
2012	0.94	0.95	0.01	0.03099	0.61219		TR
2012	0.95	0.96	0.01	0.03539	0.64757		TR
2012	0.96	0.97	0.01	0.04136	0.68893		TR
2012	0.97	0.98	0.01	0.04943	0.73836		TR
2012	0.98	0.99	0.01	0.06382	0.80218		TR
2012	0.99	0.991	0.001	0.00794	0.81012		TR
2012	0.991	0.992	0.001	0.00841	0.81853		TR
2012	0.992	0.993	0.001	0.009	0.82752		TR
2012	0.993	0.994	0.001	0.00971	0.83723		TR
2012	0.994	0.995	0.001	0.01064	0.84787		TR
2012	0.995	0.996	0.001	0.0119	0.85977		TR
2012	0.996	0.997	0.001	0.01373	0.87351		TR
2012	0.997	0.998	0.001	0.01673	0.89024		TR
2012	0.998	0.999	0.001	0.02301	0.91325		TR
2012	0.999	0.9991	0.0001	0.003	0.91624		TR
2012	0.9991	0.9992	0.0001	0.00322	0.91946		TR
2012	0.9992	0.9993	0.0001	0.00349	0.92295		TR
2012	0.9993	0.9994	0.0001	0.00383	0.92678		TR
2012	0.9994	0.9995	0.0001	0.00427	0.93106		TR
2012	0.9995	0.9996	0.0001	0.00488	0.93594		TR
2012	0.9996	0.9997	0.0001	0.00578	0.94172		TR
2012	0.9997	0.9998	0.0001	0.00727	0.94898		TR
2012	0.9998	0.9999	0.0001	0.01046	0.95944		TR
2012	0.9999	0.99991	0.00001	0.0014	0.96085		TR
2012	0.99991	0.99992	0.00001	0.00152	0.96236		TR
2012	0.99992	0.99993	0.00001	0.00166	0.96402		TR
2012	0.99993	0.99994	0.00001	0.00183	0.96586		TR
2012	0.99994	0.99995	0.00001	0.00206	0.96792		TR
2012	0.99995	0.99996	0.00001	0.00238	0.9703		TR
2012	0.99996	0.99997	0.00001	0.00284	0.97314		TR
2012	0.99997	0.99998	0.00001	0.0036	0.97674		TR
2012	0.99998	0.99999	0.00001	0.00518	0.98192		TR
2012	0.99999	1	0.00001	0.01808	1		TR
2011	0	0.01	0.01	0.00023	0.00023		TR
2011	0.01	0.02	0.01	0.00085	0.00108		TR
2011	0.02	0.03	0.01	0.00116	0.00224		TR
2011	0.03	0.04	0.01	0.00129	0.00353		TR
2011	0.04	0.05	0.01	0.00139	0.00493		TR
2011	0.05	0.06	0.01	0.00154	0.00647		TR
2011	0.06	0.07	0.01	0.00169	0.00816		TR
2011	0.07	0.08	0.01	0.0018	0.00996		TR
2011	0.08	0.09	0.01	0.00189	0.01185		TR
2011	0.09	0.1	0.01	0.00199	0.01384		TR
2011	0.1	0.11	0.01	0.00208	0.01591		TR
2011	0.11	0.12	0.01	0.00216	0.01808		TR
2011	0.12	0.13	0.01	0.00225	0.02033		TR
2011	0.13	0.14	0.01	0.00234	0.02267		TR
2011	0.14	0.15	0.01	0.00242	0.02509		TR
2011	0.15	0.16	0.01	0.00251	0.0276		TR
2011	0.16	0.17	0.01	0.0026	0.0302		TR
2011	0.17	0.18	0.01	0.00269	0.03289		TR
2011	0.18	0.19	0.01	0.00277	0.03567		TR
2011	0.19	0.2	0.01	0.00285	0.03852		TR
2011	0.2	0.21	0.01	0.00292	0.04144		TR
2011	0.21	0.22	0.01	0.00299	0.04443		TR
2011	0.22	0.23	0.01	0.00307	0.0475		TR
2011	0.23	0.24	0.01	0.00314	0.05064		TR
2011	0.24	0.25	0.01	0.00321	0.05385		TR
2011	0.25	0.26	0.01	0.00328	0.05713		TR
2011	0.26	0.27	0.01	0.00335	0.06047		TR
2011	0.27	0.28	0.01	0.00341	0.06389		TR
2011	0.28	0.29	0.01	0.00347	0.06736		TR
2011	0.29	0.3	0.01	0.00354	0.0709		TR
2011	0.3	0.31	0.01	0.0036	0.0745		TR
2011	0.31	0.32	0.01	0.00367	0.07817		TR
2011	0.32	0.33	0.01	0.00373	0.0819		TR
2011	0.33	0.34	0.01	0.0038	0.0857		TR
2011	0.34	0.35	0.01	0.00387	0.08957		TR
2011	0.35	0.36	0.01	0.00394	0.09351		TR
2011	0.36	0.37	0.01	0.00401	0.09752		TR
2011	0.37	0.38	0.01	0.00408	0.10159		TR
2011	0.38	0.39	0.01	0.00415	0.10574		TR
2011	0.39	0.4	0.01	0.00422	0.10996		TR
2011	0.4	0.41	0.01	0.0043	0.11426		TR
2011	0.41	0.42	0.01	0.00437	0.11863		TR
2011	0.42	0.43	0.01	0.00444	0.12307		TR
2011	0.43	0.44	0.01	0.00451	0.12758		TR
2011	0.44	0.45	0.01	0.00459	0.13217		TR
2011	0.45	0.46	0.01	0.00466	0.13683		TR
2011	0.46	0.47	0.01	0.00474	0.14157		TR
2011	0.47	0.48	0.01	0.00482	0.14639		TR
2011	0.48	0.49	0.01	0.0049	0.15128		TR
2011	0.49	0.5	0.01	0.00498	0.15626		TR
2011	0.5	0.51	0.01	0.00506	0.16132		TR
2011	0.51	0.52	0.01	0.00515	0.16647		TR
2011	0.52	0.53	0.01	0.00523	0.1717		TR
2011	0.53	0.54	0.01	0.00532	0.17703		TR
2011	0.54	0.55	0.01	0.00542	0.18244		TR
2011	0.55	0.56	0.01	0.00551	0.18795		TR
2011	0.56	0.57	0.01	0.00561	0.19356		TR
2011	0.57	0.58	0.01	0.0057	0.19927		TR
2011	0.58	0.59	0.01	0.00581	0.20507		TR
2011	0.59	0.6	0.01	0.00591	0.21098		TR
2011	0.6	0.61	0.01	0.00601	0.217		TR
2011	0.61	0.62	0.01	0.00612	0.22312		TR
2011	0.62	0.63	0.01	0.00623	0.22935		TR
2011	0.63	0.64	0.01	0.00635	0.2357		TR
2011	0.64	0.65	0.01	0.00647	0.24217		TR
2011	0.65	0.66	0.01	0.0066	0.24877		TR
2011	0.66	0.67	0.01	0.00672	0.25549		TR
2011	0.67	0.68	0.01	0.00686	0.26235		TR
2011	0.68	0.69	0.01	0.007	0.26935		TR
2011	0.69	0.7	0.01	0.00714	0.27649		TR
2011	0.7	0.71	0.01	0.00729	0.28378		TR
2011	0.71	0.72	0.01	0.00744	0.29122		TR
2011	0.72	0.73	0.01	0.00761	0.29883		TR
2011	0.73	0.74	0.01	0.00778	0.30661		TR
2011	0.74	0.75	0.01	0.00796	0.31457		TR
2011	0.75	0.76	0.01	0.00815	0.32272		TR
2011	0.76	0.77	0.01	0.00835	0.33107		TR
2011	0.77	0.78	0.01	0.00857	0.33964		TR
2011	0.78	0.79	0.01	0.00881	0.34845		TR
2011	0.79	0.8	0.01	0.00909	0.35754		TR
2011	0.8	0.81	0.01	0.00942	0.36696		TR
2011	0.81	0.82	0.01	0.00983	0.37679		TR
2011	0.82	0.83	0.01	0.01034	0.38713		TR
2011	0.83	0.84	0.01	0.01097	0.3981		TR
2011	0.84	0.85	0.01	0.01174	0.40984		TR
2011	0.85	0.86	0.01	0.01266	0.4225		TR
2011	0.86	0.87	0.01	0.01375	0.43625		TR
2011	0.87	0.88	0.01	0.01499	0.45124		TR
2011	0.88	0.89	0.01	0.01647	0.46771		TR
2011	0.89	0.9	0.01	0.01817	0.48588		TR
2011	0.9	0.91	0.01	0.02011	0.50599		TR
2011	0.91	0.92	0.01	0.02234	0.52833		TR
2011	0.92	0.93	0.01	0.02496	0.55329		TR
2011	0.93	0.94	0.01	0.02802	0.58131		TR
2011	0.94	0.95	0.01	0.03152	0.61282		TR
2011	0.95	0.96	0.01	0.03583	0.64865		TR
2011	0.96	0.97	0.01	0.0417	0.69036		TR
2011	0.97	0.98	0.01	0.05038	0.74074		TR
2011	0.98	0.99	0.01	0.06645	0.80719		TR
2011	0.99	0.991	0.001	0.00834	0.81554		TR
2011	0.991	0.992	0.001	0.00886	0.8244		TR
2011	0.992	0.993	0.001	0.00948	0.83388		TR
2011	0.993	0.994	0.001	0.01027	0.84414		TR
2011	0.994	0.995	0.001	0.01125	0.85539		TR
2011	0.995	0.996	0.001	0.01257	0.86796		TR
2011	0.996	0.997	0.001	0.01447	0.88242		TR
2011	0.997	0.998	0.001	0.0175	0.89992		TR
2011	0.998	0.999	0.001	0.02367	0.92358		TR
2011	0.999	0.9991	0.0001	0.00303	0.92662		TR
2011	0.9991	0.9992	0.0001	0.00324	0.92986		TR
2011	0.9992	0.9993	0.0001	0.0035	0.93336		TR
2011	0.9993	0.9994	0.0001	0.00381	0.93717		TR
2011	0.9994	0.9995	0.0001	0.00422	0.94138		TR
2011	0.9995	0.9996	0.0001	0.00477	0.94615		TR
2011	0.9996	0.9997	0.0001	0.00557	0.95172		TR
2011	0.9997	0.9998	0.0001	0.00689	0.95861		TR
2011	0.9998	0.9999	0.0001	0.00963	0.96824		TR
2011	0.9999	0.99991	0.00001	0.00127	0.96951		TR
2011	0.99991	0.99992	0.00001	0.00136	0.97087		TR
2011	0.99992	0.99993	0.00001	0.00148	0.97235		TR
2011	0.99993	0.99994	0.00001	0.00162	0.97397		TR
2011	0.99994	0.99995	0.00001	0.00181	0.97579		TR
2011	0.99995	0.99996	0.00001	0.00207	0.97786		TR
2011	0.99996	0.99997	0.00001	0.00244	0.9803		TR
2011	0.99997	0.99998	0.00001	0.00305	0.98336		TR
2011	0.99998	0.99999	0.00001	0.00428	0.98764		TR
2011	0.99999	1	0.00001	0.01236	1		TR
2010	0	0.01	0.01	0.00028	0.00028		TR
2010	0.01	0.02	0.01	0.00097	0.00125		TR
2010	0.02	0.03	0.01	0.00128	0.00253		TR
2010	0.03	0.04	0.01	0.0014	0.00393		TR
2010	0.04	0.05	0.01	0.00146	0.00539		TR
2010	0.05	0.06	0.01	0.00156	0.00695		TR
2010	0.06	0.07	0.01	0.00168	0.00863		TR
2010	0.07	0.08	0.01	0.00179	0.01042		TR
2010	0.08	0.09	0.01	0.0019	0.01232		TR
2010	0.09	0.1	0.01	0.00202	0.01433		TR
2010	0.1	0.11	0.01	0.00212	0.01646		TR
2010	0.11	0.12	0.01	0.00222	0.01868		TR
2010	0.12	0.13	0.01	0.00231	0.02099		TR
2010	0.13	0.14	0.01	0.0024	0.02338		TR
2010	0.14	0.15	0.01	0.00248	0.02587		TR
2010	0.15	0.16	0.01	0.00256	0.02843		TR
2010	0.16	0.17	0.01	0.00263	0.03106		TR
2010	0.17	0.18	0.01	0.0027	0.03376		TR
2010	0.18	0.19	0.01	0.00277	0.03654		TR
2010	0.19	0.2	0.01	0.00285	0.03938		TR
2010	0.2	0.21	0.01	0.00292	0.0423		TR
2010	0.21	0.22	0.01	0.00299	0.04529		TR
2010	0.22	0.23	0.01	0.00306	0.04834		TR
2010	0.23	0.24	0.01	0.00313	0.05147		TR
2010	0.24	0.25	0.01	0.0032	0.05467		TR
2010	0.25	0.26	0.01	0.00327	0.05795		TR
2010	0.26	0.27	0.01	0.00334	0.06129		TR
2010	0.27	0.28	0.01	0.00341	0.0647		TR
2010	0.28	0.29	0.01	0.00348	0.06817		TR
2010	0.29	0.3	0.01	0.00355	0.07172		TR
2010	0.3	0.31	0.01	0.00362	0.07535		TR
2010	0.31	0.32	0.01	0.00369	0.07904		TR
2010	0.32	0.33	0.01	0.00376	0.08279		TR
2010	0.33	0.34	0.01	0.00383	0.08662		TR
2010	0.34	0.35	0.01	0.0039	0.09053		TR
2010	0.35	0.36	0.01	0.00398	0.0945		TR
2010	0.36	0.37	0.01	0.00405	0.09855		TR
2010	0.37	0.38	0.01	0.00412	0.10267		TR
2010	0.38	0.39	0.01	0.00419	0.10685		TR
2010	0.39	0.4	0.01	0.00426	0.11111		TR
2010	0.4	0.41	0.01	0.00433	0.11544		TR
2010	0.41	0.42	0.01	0.0044	0.11985		TR
2010	0.42	0.43	0.01	0.00448	0.12433		TR
2010	0.43	0.44	0.01	0.00456	0.12889		TR
2010	0.44	0.45	0.01	0.00464	0.13353		TR
2010	0.45	0.46	0.01	0.00472	0.13826		TR
2010	0.46	0.47	0.01	0.00481	0.14306		TR
2010	0.47	0.48	0.01	0.00489	0.14796		TR
2010	0.48	0.49	0.01	0.00498	0.15293		TR
2010	0.49	0.5	0.01	0.00507	0.158		TR
2010	0.5	0.51	0.01	0.00516	0.16316		TR
2010	0.51	0.52	0.01	0.00525	0.1684		TR
2010	0.52	0.53	0.01	0.00533	0.17374		TR
2010	0.53	0.54	0.01	0.00542	0.17916		TR
2010	0.54	0.55	0.01	0.00552	0.18468		TR
2010	0.55	0.56	0.01	0.00561	0.19029		TR
2010	0.56	0.57	0.01	0.0057	0.19598		TR
2010	0.57	0.58	0.01	0.00579	0.20178		TR
2010	0.58	0.59	0.01	0.00589	0.20767		TR
2010	0.59	0.6	0.01	0.00599	0.21365		TR
2010	0.6	0.61	0.01	0.00609	0.21974		TR
2010	0.61	0.62	0.01	0.00619	0.22594		TR
2010	0.62	0.63	0.01	0.0063	0.23224		TR
2010	0.63	0.64	0.01	0.00642	0.23866		TR
2010	0.64	0.65	0.01	0.00653	0.24519		TR
2010	0.65	0.66	0.01	0.00666	0.25185		TR
2010	0.66	0.67	0.01	0.00678	0.25863		TR
2010	0.67	0.68	0.01	0.00691	0.26554		TR
2010	0.68	0.69	0.01	0.00704	0.27258		TR
2010	0.69	0.7	0.01	0.00718	0.27976		TR
2010	0.7	0.71	0.01	0.00732	0.28708		TR
2010	0.71	0.72	0.01	0.00747	0.29455		TR
2010	0.72	0.73	0.01	0.00762	0.30217		TR
2010	0.73	0.74	0.01	0.00779	0.30996		TR
2010	0.74	0.75	0.01	0.00796	0.31792		TR
2010	0.75	0.76	0.01	0.00815	0.32607		TR
2010	0.76	0.77	0.01	0.00835	0.33442		TR
2010	0.77	0.78	0.01	0.00856	0.34298		TR
2010	0.78	0.79	0.01	0.00881	0.35179		TR
2010	0.79	0.8	0.01	0.00909	0.36088		TR
2010	0.8	0.81	0.01	0.00942	0.3703		TR
2010	0.81	0.82	0.01	0.00983	0.38013		TR
2010	0.82	0.83	0.01	0.01035	0.39048		TR
2010	0.83	0.84	0.01	0.01097	0.40145		TR
2010	0.84	0.85	0.01	0.01172	0.41317		TR
2010	0.85	0.86	0.01	0.01261	0.42578		TR
2010	0.86	0.87	0.01	0.01366	0.43944		TR
2010	0.87	0.88	0.01	0.01488	0.45431		TR
2010	0.88	0.89	0.01	0.01632	0.47064		TR
2010	0.89	0.9	0.01	0.01799	0.48863		TR
2010	0.9	0.91	0.01	0.01987	0.50851		TR
2010	0.91	0.92	0.01	0.02199	0.5305		TR
2010	0.92	0.93	0.01	0.0244	0.5549		TR
2010	0.93	0.94	0.01	0.02724	0.58214		TR
2010	0.94	0.95	0.01	0.03073	0.61287		TR
2010	0.95	0.96	0.01	0.0349	0.64777		TR
2010	0.96	0.97	0.01	0.04021	0.68798		TR
2010	0.97	0.98	0.01	0.04829	0.73627		TR
2010	0.98	0.99	0.01	0.06471	0.80098		TR
2010	0.99	0.991	0.001	0.00817	0.80915		TR
2010	0.991	0.992	0.001	0.00869	0.81784		TR
2010	0.992	0.993	0.001	0.00934	0.82718		TR
2010	0.993	0.994	0.001	0.01014	0.83732		TR
2010	0.994	0.995	0.001	0.01116	0.84847		TR
2010	0.995	0.996	0.001	0.01254	0.86101		TR
2010	0.996	0.997	0.001	0.01452	0.87553		TR
2010	0.997	0.998	0.001	0.01772	0.89325		TR
2010	0.998	0.999	0.001	0.02427	0.91752		TR
2010	0.999	0.9991	0.0001	0.00314	0.92067		TR
2010	0.9991	0.9992	0.0001	0.00336	0.92403		TR
2010	0.9992	0.9993	0.0001	0.00364	0.92767		TR
2010	0.9993	0.9994	0.0001	0.00397	0.93164		TR
2010	0.9994	0.9995	0.0001	0.00442	0.93605		TR
2010	0.9995	0.9996	0.0001	0.00501	0.94107		TR
2010	0.9996	0.9997	0.0001	0.00588	0.94695		TR
2010	0.9997	0.9998	0.0001	0.00731	0.95426		TR
2010	0.9998	0.9999	0.0001	0.01032	0.96458		TR
2010	0.9999	0.99991	0.00001	0.00136	0.96595		TR
2010	0.99991	0.99992	0.00001	0.00147	0.96742		TR
2010	0.99992	0.99993	0.00001	0.0016	0.96901		TR
2010	0.99993	0.99994	0.00001	0.00176	0.97077		TR
2010	0.99994	0.99995	0.00001	0.00197	0.97274		TR
2010	0.99995	0.99996	0.00001	0.00225	0.97499		TR
2010	0.99996	0.99997	0.00001	0.00266	0.97766		TR
2010	0.99997	0.99998	0.00001	0.00334	0.98099		TR
2010	0.99998	0.99999	0.00001	0.00471	0.9857		TR
2010	0.99999	1	0.00001	0.0143	1		TR
2009	0	0.01	0.01	0.00024	0.00024		TR
2009	0.01	0.02	0.01	0.00086	0.00109		TR
2009	0.02	0.03	0.01	0.00114	0.00223		TR
2009	0.03	0.04	0.01	0.00124	0.00347		TR
2009	0.04	0.05	0.01	0.00132	0.00479		TR
2009	0.05	0.06	0.01	0.00146	0.00624		TR
2009	0.06	0.07	0.01	0.00159	0.00783		TR
2009	0.07	0.08	0.01	0.00169	0.00952		TR
2009	0.08	0.09	0.01	0.00179	0.01131		TR
2009	0.09	0.1	0.01	0.0019	0.01321		TR
2009	0.1	0.11	0.01	0.00201	0.01522		TR
2009	0.11	0.12	0.01	0.0021	0.01732		TR
2009	0.12	0.13	0.01	0.0022	0.01951		TR
2009	0.13	0.14	0.01	0.00229	0.0218		TR
2009	0.14	0.15	0.01	0.00237	0.02417		TR
2009	0.15	0.16	0.01	0.00245	0.02662		TR
2009	0.16	0.17	0.01	0.00253	0.02915		TR
2009	0.17	0.18	0.01	0.00261	0.03176		TR
2009	0.18	0.19	0.01	0.00268	0.03445		TR
2009	0.19	0.2	0.01	0.00275	0.0372		TR
2009	0.2	0.21	0.01	0.00282	0.04002		TR
2009	0.21	0.22	0.01	0.00289	0.04291		TR
2009	0.22	0.23	0.01	0.00296	0.04587		TR
2009	0.23	0.24	0.01	0.00303	0.0489		TR
2009	0.24	0.25	0.01	0.00311	0.052		TR
2009	0.25	0.26	0.01	0.00318	0.05518		TR
2009	0.26	0.27	0.01	0.00324	0.05842		TR
2009	0.27	0.28	0.01	0.00331	0.06173		TR
2009	0.28	0.29	0.01	0.00338	0.06511		TR
2009	0.29	0.3	0.01	0.00345	0.06856		TR
2009	0.3	0.31	0.01	0.00353	0.07209		TR
2009	0.31	0.32	0.01	0.0036	0.07569		TR
2009	0.32	0.33	0.01	0.00367	0.07936		TR
2009	0.33	0.34	0.01	0.00375	0.08311		TR
2009	0.34	0.35	0.01	0.00383	0.08694		TR
2009	0.35	0.36	0.01	0.0039	0.09084		TR
2009	0.36	0.37	0.01	0.00398	0.09482		TR
2009	0.37	0.38	0.01	0.00406	0.09888		TR
2009	0.38	0.39	0.01	0.00413	0.10301		TR
2009	0.39	0.4	0.01	0.00421	0.10722		TR
2009	0.4	0.41	0.01	0.00428	0.11151		TR
2009	0.41	0.42	0.01	0.00436	0.11587		TR
2009	0.42	0.43	0.01	0.00444	0.12031		TR
2009	0.43	0.44	0.01	0.00452	0.12483		TR
2009	0.44	0.45	0.01	0.0046	0.12942		TR
2009	0.45	0.46	0.01	0.00468	0.1341		TR
2009	0.46	0.47	0.01	0.00476	0.13886		TR
2009	0.47	0.48	0.01	0.00484	0.1437		TR
2009	0.48	0.49	0.01	0.00493	0.14863		TR
2009	0.49	0.5	0.01	0.00501	0.15364		TR
2009	0.5	0.51	0.01	0.0051	0.15874		TR
2009	0.51	0.52	0.01	0.00519	0.16393		TR
2009	0.52	0.53	0.01	0.00528	0.16921		TR
2009	0.53	0.54	0.01	0.00537	0.17458		TR
2009	0.54	0.55	0.01	0.00547	0.18004		TR
2009	0.55	0.56	0.01	0.00556	0.18561		TR
2009	0.56	0.57	0.01	0.00566	0.19127		TR
2009	0.57	0.58	0.01	0.00576	0.19703		TR
2009	0.58	0.59	0.01	0.00586	0.20289		TR
2009	0.59	0.6	0.01	0.00597	0.20886		TR
2009	0.6	0.61	0.01	0.00608	0.21495		TR
2009	0.61	0.62	0.01	0.00619	0.22114		TR
2009	0.62	0.63	0.01	0.00631	0.22745		TR
2009	0.63	0.64	0.01	0.00643	0.23388		TR
2009	0.64	0.65	0.01	0.00656	0.24044		TR
2009	0.65	0.66	0.01	0.00668	0.24712		TR
2009	0.66	0.67	0.01	0.00681	0.25394		TR
2009	0.67	0.68	0.01	0.00695	0.26088		TR
2009	0.68	0.69	0.01	0.00708	0.26797		TR
2009	0.69	0.7	0.01	0.00723	0.27519		TR
2009	0.7	0.71	0.01	0.00737	0.28257		TR
2009	0.71	0.72	0.01	0.00752	0.29009		TR
2009	0.72	0.73	0.01	0.00768	0.29777		TR
2009	0.73	0.74	0.01	0.00785	0.30563		TR
2009	0.74	0.75	0.01	0.00803	0.31366		TR
2009	0.75	0.76	0.01	0.00822	0.32188		TR
2009	0.76	0.77	0.01	0.00841	0.33029		TR
2009	0.77	0.78	0.01	0.00862	0.33891		TR
2009	0.78	0.79	0.01	0.00885	0.34777		TR
2009	0.79	0.8	0.01	0.00912	0.35689		TR
2009	0.8	0.81	0.01	0.00944	0.36633		TR
2009	0.81	0.82	0.01	0.00985	0.37618		TR
2009	0.82	0.83	0.01	0.01039	0.38657		TR
2009	0.83	0.84	0.01	0.01105	0.39762		TR
2009	0.84	0.85	0.01	0.01182	0.40944		TR
2009	0.85	0.86	0.01	0.01268	0.42212		TR
2009	0.86	0.87	0.01	0.01369	0.4358		TR
2009	0.87	0.88	0.01	0.01488	0.45068		TR
2009	0.88	0.89	0.01	0.01631	0.46699		TR
2009	0.89	0.9	0.01	0.01798	0.48497		TR
2009	0.9	0.91	0.01	0.01988	0.50486		TR
2009	0.91	0.92	0.01	0.0221	0.52696		TR
2009	0.92	0.93	0.01	0.02473	0.55168		TR
2009	0.93	0.94	0.01	0.02783	0.57951		TR
2009	0.94	0.95	0.01	0.03142	0.61093		TR
2009	0.95	0.96	0.01	0.03574	0.64666		TR
2009	0.96	0.97	0.01	0.04158	0.68824		TR
2009	0.97	0.98	0.01	0.05018	0.73842		TR
2009	0.98	0.99	0.01	0.06774	0.80616		TR
2009	0.99	0.991	0.001	0.00885	0.81501		TR
2009	0.991	0.992	0.001	0.00946	0.82446		TR
2009	0.992	0.993	0.001	0.01018	0.83465		TR
2009	0.993	0.994	0.001	0.01107	0.84572		TR
2009	0.994	0.995	0.001	0.01216	0.85788		TR
2009	0.995	0.996	0.001	0.01362	0.8715		TR
2009	0.996	0.997	0.001	0.01566	0.88716		TR
2009	0.997	0.998	0.001	0.01885	0.906		TR
2009	0.998	0.999	0.001	0.02505	0.93105		TR
2009	0.999	0.9991	0.0001	0.00315	0.93421		TR
2009	0.9991	0.9992	0.0001	0.00335	0.93755		TR
2009	0.9992	0.9993	0.0001	0.00358	0.94114		TR
2009	0.9993	0.9994	0.0001	0.00388	0.94502		TR
2009	0.9994	0.9995	0.0001	0.00425	0.94926		TR
2009	0.9995	0.9996	0.0001	0.00474	0.95401		TR
2009	0.9996	0.9997	0.0001	0.00545	0.95946		TR
2009	0.9997	0.9998	0.0001	0.00659	0.96605		TR
2009	0.9998	0.9999	0.0001	0.00889	0.97495		TR
2009	0.9999	0.99991	0.00001	0.00114	0.97608		TR
2009	0.99991	0.99992	0.00001	0.00121	0.9773		TR
2009	0.99992	0.99993	0.00001	0.00131	0.97861		TR
2009	0.99993	0.99994	0.00001	0.00143	0.98003		TR
2009	0.99994	0.99995	0.00001	0.00158	0.98161		TR
2009	0.99995	0.99996	0.00001	0.00178	0.98339		TR
2009	0.99996	0.99997	0.00001	0.00207	0.98546		TR
2009	0.99997	0.99998	0.00001	0.00254	0.98799		TR
2009	0.99998	0.99999	0.00001	0.00346	0.99146		TR
2009	0.99999	1	0.00001	0.00854	1		TR
2008	0	0.01	0.01	0.00024	0.00024		TR
2008	0.01	0.02	0.01	0.00093	0.00117		TR
2008	0.02	0.03	0.01	0.00124	0.00241		TR
2008	0.03	0.04	0.01	0.00136	0.00377		TR
2008	0.04	0.05	0.01	0.00144	0.00521		TR
2008	0.05	0.06	0.01	0.00155	0.00676		TR
2008	0.06	0.07	0.01	0.00168	0.00844		TR
2008	0.07	0.08	0.01	0.00179	0.01023		TR
2008	0.08	0.09	0.01	0.00189	0.01213		TR
2008	0.09	0.1	0.01	0.002	0.01412		TR
2008	0.1	0.11	0.01	0.0021	0.01622		TR
2008	0.11	0.12	0.01	0.00219	0.01841		TR
2008	0.12	0.13	0.01	0.00229	0.0207		TR
2008	0.13	0.14	0.01	0.00238	0.02308		TR
2008	0.14	0.15	0.01	0.00248	0.02556		TR
2008	0.15	0.16	0.01	0.00256	0.02812		TR
2008	0.16	0.17	0.01	0.00263	0.03075		TR
2008	0.17	0.18	0.01	0.0027	0.03345		TR
2008	0.18	0.19	0.01	0.00278	0.03624		TR
2008	0.19	0.2	0.01	0.00286	0.0391		TR
2008	0.2	0.21	0.01	0.00294	0.04204		TR
2008	0.21	0.22	0.01	0.00303	0.04507		TR
2008	0.22	0.23	0.01	0.00311	0.04818		TR
2008	0.23	0.24	0.01	0.00318	0.05135		TR
2008	0.24	0.25	0.01	0.00325	0.0546		TR
2008	0.25	0.26	0.01	0.00332	0.05792		TR
2008	0.26	0.27	0.01	0.00339	0.0613		TR
2008	0.27	0.28	0.01	0.00346	0.06476		TR
2008	0.28	0.29	0.01	0.00353	0.06828		TR
2008	0.29	0.3	0.01	0.0036	0.07188		TR
2008	0.3	0.31	0.01	0.00368	0.07556		TR
2008	0.31	0.32	0.01	0.00376	0.07932		TR
2008	0.32	0.33	0.01	0.00384	0.08315		TR
2008	0.33	0.34	0.01	0.00391	0.08706		TR
2008	0.34	0.35	0.01	0.00399	0.09105		TR
2008	0.35	0.36	0.01	0.00407	0.09512		TR
2008	0.36	0.37	0.01	0.00415	0.09926		TR
2008	0.37	0.38	0.01	0.00423	0.10349		TR
2008	0.38	0.39	0.01	0.00431	0.1078		TR
2008	0.39	0.4	0.01	0.00439	0.11219		TR
2008	0.4	0.41	0.01	0.00447	0.11667		TR
2008	0.41	0.42	0.01	0.00456	0.12122		TR
2008	0.42	0.43	0.01	0.00464	0.12586		TR
2008	0.43	0.44	0.01	0.00472	0.13058		TR
2008	0.44	0.45	0.01	0.0048	0.13538		TR
2008	0.45	0.46	0.01	0.00489	0.14027		TR
2008	0.46	0.47	0.01	0.00497	0.14525		TR
2008	0.47	0.48	0.01	0.00506	0.15031		TR
2008	0.48	0.49	0.01	0.00515	0.15545		TR
2008	0.49	0.5	0.01	0.00524	0.16069		TR
2008	0.5	0.51	0.01	0.00533	0.16602		TR
2008	0.51	0.52	0.01	0.00542	0.17143		TR
2008	0.52	0.53	0.01	0.0055	0.17694		TR
2008	0.53	0.54	0.01	0.0056	0.18253		TR
2008	0.54	0.55	0.01	0.00569	0.18822		TR
2008	0.55	0.56	0.01	0.00578	0.194		TR
2008	0.56	0.57	0.01	0.00587	0.19988		TR
2008	0.57	0.58	0.01	0.00597	0.20585		TR
2008	0.58	0.59	0.01	0.00607	0.21192		TR
2008	0.59	0.6	0.01	0.00617	0.21809		TR
2008	0.6	0.61	0.01	0.00628	0.22437		TR
2008	0.61	0.62	0.01	0.00639	0.23075		TR
2008	0.62	0.63	0.01	0.0065	0.23726		TR
2008	0.63	0.64	0.01	0.00662	0.24387		TR
2008	0.64	0.65	0.01	0.00674	0.25061		TR
2008	0.65	0.66	0.01	0.00687	0.25748		TR
2008	0.66	0.67	0.01	0.007	0.26448		TR
2008	0.67	0.68	0.01	0.00713	0.2716		TR
2008	0.68	0.69	0.01	0.00727	0.27887		TR
2008	0.69	0.7	0.01	0.00741	0.28628		TR
2008	0.7	0.71	0.01	0.00756	0.29384		TR
2008	0.71	0.72	0.01	0.00771	0.30155		TR
2008	0.72	0.73	0.01	0.00787	0.30943		TR
2008	0.73	0.74	0.01	0.00804	0.31747		TR
2008	0.74	0.75	0.01	0.00822	0.32569		TR
2008	0.75	0.76	0.01	0.00841	0.33409		TR
2008	0.76	0.77	0.01	0.00861	0.3427		TR
2008	0.77	0.78	0.01	0.00883	0.35153		TR
2008	0.78	0.79	0.01	0.00908	0.3606		TR
2008	0.79	0.8	0.01	0.00937	0.36997		TR
2008	0.8	0.81	0.01	0.00971	0.37968		TR
2008	0.81	0.82	0.01	0.01013	0.38982		TR
2008	0.82	0.83	0.01	0.01064	0.40046		TR
2008	0.83	0.84	0.01	0.01126	0.41172		TR
2008	0.84	0.85	0.01	0.01199	0.42371		TR
2008	0.85	0.86	0.01	0.01286	0.43657		TR
2008	0.86	0.87	0.01	0.01388	0.45045		TR
2008	0.87	0.88	0.01	0.01506	0.46551		TR
2008	0.88	0.89	0.01	0.01648	0.48199		TR
2008	0.89	0.9	0.01	0.01817	0.50016		TR
2008	0.9	0.91	0.01	0.02019	0.52035		TR
2008	0.91	0.92	0.01	0.02257	0.54291		TR
2008	0.92	0.93	0.01	0.02516	0.56808		TR
2008	0.93	0.94	0.01	0.02804	0.59611		TR
2008	0.94	0.95	0.01	0.03158	0.6277		TR
2008	0.95	0.96	0.01	0.03613	0.66383		TR
2008	0.96	0.97	0.01	0.04159	0.70542		TR
2008	0.97	0.98	0.01	0.04933	0.75475		TR
2008	0.98	0.99	0.01	0.06251	0.81726		TR
2008	0.99	0.991	0.001	0.00767	0.82493		TR
2008	0.991	0.992	0.001	0.0081	0.83302		TR
2008	0.992	0.993	0.001	0.0086	0.84163		TR
2008	0.993	0.994	0.001	0.00925	0.85087		TR
2008	0.994	0.995	0.001	0.01006	0.86093		TR
2008	0.995	0.996	0.001	0.01116	0.8721		TR
2008	0.996	0.997	0.001	0.01277	0.88487		TR
2008	0.997	0.998	0.001	0.0154	0.90027		TR
2008	0.998	0.999	0.001	0.02093	0.9212		TR
2008	0.999	0.9991	0.0001	0.00271	0.92391		TR
2008	0.9991	0.9992	0.0001	0.00291	0.92682		TR
2008	0.9992	0.9993	0.0001	0.00315	0.92997		TR
2008	0.9993	0.9994	0.0001	0.00345	0.93342		TR
2008	0.9994	0.9995	0.0001	0.00384	0.93726		TR
2008	0.9995	0.9996	0.0001	0.00439	0.94166		TR
2008	0.9996	0.9997	0.0001	0.0052	0.94685		TR
2008	0.9997	0.9998	0.0001	0.00654	0.95339		TR
2008	0.9998	0.9999	0.0001	0.00943	0.96282		TR
2008	0.9999	0.99991	0.00001	0.00127	0.96409		TR
2008	0.99991	0.99992	0.00001	0.00137	0.96547		TR
2008	0.99992	0.99993	0.00001	0.0015	0.96697		TR
2008	0.99993	0.99994	0.00001	0.00166	0.96863		TR
2008	0.99994	0.99995	0.00001	0.00188	0.97051		TR
2008	0.99995	0.99996	0.00001	0.00217	0.97268		TR
2008	0.99996	0.99997	0.00001	0.00259	0.97527		TR
2008	0.99997	0.99998	0.00001	0.0033	0.97858		TR
2008	0.99998	0.99999	0.00001	0.00477	0.98334		TR
2008	0.99999	1	0.00001	0.01666	1		TR
2007	0	0.01	0.01	0.0003	0.0003		TR
2007	0.01	0.02	0.01	0.00092	0.00122		TR
2007	0.02	0.03	0.01	0.0012	0.00242		TR
2007	0.03	0.04	0.01	0.00132	0.00375		TR
2007	0.04	0.05	0.01	0.00142	0.00517		TR
2007	0.05	0.06	0.01	0.00158	0.00674		TR
2007	0.06	0.07	0.01	0.00173	0.00847		TR
2007	0.07	0.08	0.01	0.00184	0.01032		TR
2007	0.08	0.09	0.01	0.00194	0.01226		TR
2007	0.09	0.1	0.01	0.00205	0.01431		TR
2007	0.1	0.11	0.01	0.00215	0.01645		TR
2007	0.11	0.12	0.01	0.00224	0.01869		TR
2007	0.12	0.13	0.01	0.00233	0.02102		TR
2007	0.13	0.14	0.01	0.00241	0.02343		TR
2007	0.14	0.15	0.01	0.0025	0.02593		TR
2007	0.15	0.16	0.01	0.00258	0.02851		TR
2007	0.16	0.17	0.01	0.00267	0.03117		TR
2007	0.17	0.18	0.01	0.00275	0.03392		TR
2007	0.18	0.19	0.01	0.00282	0.03675		TR
2007	0.19	0.2	0.01	0.0029	0.03964		TR
2007	0.2	0.21	0.01	0.00297	0.04261		TR
2007	0.21	0.22	0.01	0.00305	0.04566		TR
2007	0.22	0.23	0.01	0.00313	0.04879		TR
2007	0.23	0.24	0.01	0.00322	0.05201		TR
2007	0.24	0.25	0.01	0.0033	0.05531		TR
2007	0.25	0.26	0.01	0.00337	0.05868		TR
2007	0.26	0.27	0.01	0.00344	0.06212		TR
2007	0.27	0.28	0.01	0.00352	0.06564		TR
2007	0.28	0.29	0.01	0.0036	0.06924		TR
2007	0.29	0.3	0.01	0.00367	0.07291		TR
2007	0.3	0.31	0.01	0.00375	0.07666		TR
2007	0.31	0.32	0.01	0.00382	0.08048		TR
2007	0.32	0.33	0.01	0.00389	0.08437		TR
2007	0.33	0.34	0.01	0.00397	0.08834		TR
2007	0.34	0.35	0.01	0.00404	0.09238		TR
2007	0.35	0.36	0.01	0.00412	0.0965		TR
2007	0.36	0.37	0.01	0.0042	0.1007		TR
2007	0.37	0.38	0.01	0.00428	0.10498		TR
2007	0.38	0.39	0.01	0.00435	0.10933		TR
2007	0.39	0.4	0.01	0.00443	0.11375		TR
2007	0.4	0.41	0.01	0.0045	0.11826		TR
2007	0.41	0.42	0.01	0.00458	0.12284		TR
2007	0.42	0.43	0.01	0.00467	0.12751		TR
2007	0.43	0.44	0.01	0.00475	0.13226		TR
2007	0.44	0.45	0.01	0.00483	0.13709		TR
2007	0.45	0.46	0.01	0.00492	0.14202		TR
2007	0.46	0.47	0.01	0.00501	0.14702		TR
2007	0.47	0.48	0.01	0.0051	0.15212		TR
2007	0.48	0.49	0.01	0.00519	0.15731		TR
2007	0.49	0.5	0.01	0.00528	0.16259		TR
2007	0.5	0.51	0.01	0.00537	0.16796		TR
2007	0.51	0.52	0.01	0.00546	0.17342		TR
2007	0.52	0.53	0.01	0.00555	0.17897		TR
2007	0.53	0.54	0.01	0.00565	0.18463		TR
2007	0.54	0.55	0.01	0.00575	0.19038		TR
2007	0.55	0.56	0.01	0.00585	0.19623		TR
2007	0.56	0.57	0.01	0.00596	0.20219		TR
2007	0.57	0.58	0.01	0.00607	0.20826		TR
2007	0.58	0.59	0.01	0.00619	0.21445		TR
2007	0.59	0.6	0.01	0.0063	0.22075		TR
2007	0.6	0.61	0.01	0.00642	0.22718		TR
2007	0.61	0.62	0.01	0.00655	0.23372		TR
2007	0.62	0.63	0.01	0.00667	0.24039		TR
2007	0.63	0.64	0.01	0.00679	0.24719		TR
2007	0.64	0.65	0.01	0.00692	0.25411		TR
2007	0.65	0.66	0.01	0.00706	0.26117		TR
2007	0.66	0.67	0.01	0.00719	0.26836		TR
2007	0.67	0.68	0.01	0.00734	0.2757		TR
2007	0.68	0.69	0.01	0.00748	0.28318		TR
2007	0.69	0.7	0.01	0.00763	0.29081		TR
2007	0.7	0.71	0.01	0.00779	0.2986		TR
2007	0.71	0.72	0.01	0.00795	0.30654		TR
2007	0.72	0.73	0.01	0.00812	0.31466		TR
2007	0.73	0.74	0.01	0.00829	0.32295		TR
2007	0.74	0.75	0.01	0.00848	0.33143		TR
2007	0.75	0.76	0.01	0.00867	0.3401		TR
2007	0.76	0.77	0.01	0.00888	0.34897		TR
2007	0.77	0.78	0.01	0.0091	0.35807		TR
2007	0.78	0.79	0.01	0.00935	0.36742		TR
2007	0.79	0.8	0.01	0.00964	0.37706		TR
2007	0.8	0.81	0.01	0.00998	0.38704		TR
2007	0.81	0.82	0.01	0.01039	0.39743		TR
2007	0.82	0.83	0.01	0.0109	0.40833		TR
2007	0.83	0.84	0.01	0.01149	0.41982		TR
2007	0.84	0.85	0.01	0.01221	0.43203		TR
2007	0.85	0.86	0.01	0.01306	0.4451		TR
2007	0.86	0.87	0.01	0.01411	0.45921		TR
2007	0.87	0.88	0.01	0.01536	0.47457		TR
2007	0.88	0.89	0.01	0.01683	0.4914		TR
2007	0.89	0.9	0.01	0.0185	0.5099		TR
2007	0.9	0.91	0.01	0.02038	0.53027		TR
2007	0.91	0.92	0.01	0.02252	0.55279		TR
2007	0.92	0.93	0.01	0.02495	0.57774		TR
2007	0.93	0.94	0.01	0.02775	0.60549		TR
2007	0.94	0.95	0.01	0.03114	0.63663		TR
2007	0.95	0.96	0.01	0.03534	0.67197		TR
2007	0.96	0.97	0.01	0.04102	0.71299		TR
2007	0.97	0.98	0.01	0.04936	0.76235		TR
2007	0.98	0.99	0.01	0.06404	0.82638		TR
2007	0.99	0.991	0.001	0.00769	0.83407		TR
2007	0.991	0.992	0.001	0.00809	0.84216		TR
2007	0.992	0.993	0.001	0.00858	0.85074		TR
2007	0.993	0.994	0.001	0.00919	0.85993		TR
2007	0.994	0.995	0.001	0.01	0.86993		TR
2007	0.995	0.996	0.001	0.01105	0.88098		TR
2007	0.996	0.997	0.001	0.0126	0.89359		TR
2007	0.997	0.998	0.001	0.01509	0.90868		TR
2007	0.998	0.999	0.001	0.02028	0.92896		TR
2007	0.999	0.9991	0.0001	0.0026	0.93156		TR
2007	0.9991	0.9992	0.0001	0.00278	0.93434		TR
2007	0.9992	0.9993	0.0001	0.00301	0.93735		TR
2007	0.9993	0.9994	0.0001	0.00328	0.94064		TR
2007	0.9994	0.9995	0.0001	0.00365	0.94428		TR
2007	0.9995	0.9996	0.0001	0.00415	0.94843		TR
2007	0.9996	0.9997	0.0001	0.00488	0.95331		TR
2007	0.9997	0.9998	0.0001	0.00609	0.9594		TR
2007	0.9998	0.9999	0.0001	0.0087	0.9681		TR
2007	0.9999	0.99991	0.00001	0.00116	0.96926		TR
2007	0.99991	0.99992	0.00001	0.00126	0.97052		TR
2007	0.99992	0.99993	0.00001	0.00137	0.97189		TR
2007	0.99993	0.99994	0.00001	0.00152	0.97341		TR
2007	0.99994	0.99995	0.00001	0.00171	0.97511		TR
2007	0.99995	0.99996	0.00001	0.00197	0.97708		TR
2007	0.99996	0.99997	0.00001	0.00234	0.97942		TR
2007	0.99997	0.99998	0.00001	0.00297	0.98239		TR
2007	0.99998	0.99999	0.00001	0.00424	0.98663		TR
2007	0.99999	1	0.00001	0.01337	1		TR
2006	0	0.01	0.01	0.00031	0.00031		TR
2006	0.01	0.02	0.01	0.0009	0.00121		TR
2006	0.02	0.03	0.01	0.00121	0.00241		TR
2006	0.03	0.04	0.01	0.00136	0.00377		TR
2006	0.04	0.05	0.01	0.00145	0.00523		TR
2006	0.05	0.06	0.01	0.00158	0.00681		TR
2006	0.06	0.07	0.01	0.00172	0.00853		TR
2006	0.07	0.08	0.01	0.00184	0.01037		TR
2006	0.08	0.09	0.01	0.00193	0.0123		TR
2006	0.09	0.1	0.01	0.00201	0.01431		TR
2006	0.1	0.11	0.01	0.00211	0.01642		TR
2006	0.11	0.12	0.01	0.00221	0.01864		TR
2006	0.12	0.13	0.01	0.0023	0.02094		TR
2006	0.13	0.14	0.01	0.00238	0.02332		TR
2006	0.14	0.15	0.01	0.00247	0.02579		TR
2006	0.15	0.16	0.01	0.00255	0.02834		TR
2006	0.16	0.17	0.01	0.00264	0.03098		TR
2006	0.17	0.18	0.01	0.00271	0.03369		TR
2006	0.18	0.19	0.01	0.00278	0.03648		TR
2006	0.19	0.2	0.01	0.00286	0.03934		TR
2006	0.2	0.21	0.01	0.00294	0.04228		TR
2006	0.21	0.22	0.01	0.00302	0.0453		TR
2006	0.22	0.23	0.01	0.0031	0.0484		TR
2006	0.23	0.24	0.01	0.00316	0.05156		TR
2006	0.24	0.25	0.01	0.00323	0.05479		TR
2006	0.25	0.26	0.01	0.0033	0.05809		TR
2006	0.26	0.27	0.01	0.00337	0.06146		TR
2006	0.27	0.28	0.01	0.00345	0.06491		TR
2006	0.28	0.29	0.01	0.00352	0.06843		TR
2006	0.29	0.3	0.01	0.00359	0.07202		TR
2006	0.3	0.31	0.01	0.00366	0.07568		TR
2006	0.31	0.32	0.01	0.00374	0.07942		TR
2006	0.32	0.33	0.01	0.00381	0.08323		TR
2006	0.33	0.34	0.01	0.00389	0.08712		TR
2006	0.34	0.35	0.01	0.00396	0.09108		TR
2006	0.35	0.36	0.01	0.00404	0.09512		TR
2006	0.36	0.37	0.01	0.00411	0.09923		TR
2006	0.37	0.38	0.01	0.00419	0.10342		TR
2006	0.38	0.39	0.01	0.00427	0.10769		TR
2006	0.39	0.4	0.01	0.00435	0.11204		TR
2006	0.4	0.41	0.01	0.00443	0.11647		TR
2006	0.41	0.42	0.01	0.00451	0.12097		TR
2006	0.42	0.43	0.01	0.00459	0.12556		TR
2006	0.43	0.44	0.01	0.00467	0.13024		TR
2006	0.44	0.45	0.01	0.00476	0.13499		TR
2006	0.45	0.46	0.01	0.00484	0.13983		TR
2006	0.46	0.47	0.01	0.00492	0.14475		TR
2006	0.47	0.48	0.01	0.00501	0.14976		TR
2006	0.48	0.49	0.01	0.00509	0.15485		TR
2006	0.49	0.5	0.01	0.00518	0.16003		TR
2006	0.5	0.51	0.01	0.00527	0.1653		TR
2006	0.51	0.52	0.01	0.00536	0.17066		TR
2006	0.52	0.53	0.01	0.00545	0.17611		TR
2006	0.53	0.54	0.01	0.00555	0.18166		TR
2006	0.54	0.55	0.01	0.00564	0.1873		TR
2006	0.55	0.56	0.01	0.00574	0.19304		TR
2006	0.56	0.57	0.01	0.00584	0.19888		TR
2006	0.57	0.58	0.01	0.00595	0.20483		TR
2006	0.58	0.59	0.01	0.00605	0.21088		TR
2006	0.59	0.6	0.01	0.00616	0.21704		TR
2006	0.6	0.61	0.01	0.00627	0.22331		TR
2006	0.61	0.62	0.01	0.00638	0.22969		TR
2006	0.62	0.63	0.01	0.0065	0.23619		TR
2006	0.63	0.64	0.01	0.00662	0.24281		TR
2006	0.64	0.65	0.01	0.00674	0.24955		TR
2006	0.65	0.66	0.01	0.00687	0.25643		TR
2006	0.66	0.67	0.01	0.00701	0.26343		TR
2006	0.67	0.68	0.01	0.00715	0.27058		TR
2006	0.68	0.69	0.01	0.00729	0.27788		TR
2006	0.69	0.7	0.01	0.00744	0.28532		TR
2006	0.7	0.71	0.01	0.0076	0.29291		TR
2006	0.71	0.72	0.01	0.00776	0.30067		TR
2006	0.72	0.73	0.01	0.00792	0.3086		TR
2006	0.73	0.74	0.01	0.0081	0.3167		TR
2006	0.74	0.75	0.01	0.00828	0.32498		TR
2006	0.75	0.76	0.01	0.00848	0.33346		TR
2006	0.76	0.77	0.01	0.00869	0.34214		TR
2006	0.77	0.78	0.01	0.00891	0.35105		TR
2006	0.78	0.79	0.01	0.00916	0.36022		TR
2006	0.79	0.8	0.01	0.00945	0.36967		TR
2006	0.8	0.81	0.01	0.00979	0.37946		TR
2006	0.81	0.82	0.01	0.01022	0.38967		TR
2006	0.82	0.83	0.01	0.01074	0.40042		TR
2006	0.83	0.84	0.01	0.01137	0.41179		TR
2006	0.84	0.85	0.01	0.01212	0.42391		TR
2006	0.85	0.86	0.01	0.01299	0.4369		TR
2006	0.86	0.87	0.01	0.01404	0.45094		TR
2006	0.87	0.88	0.01	0.01529	0.46622		TR
2006	0.88	0.89	0.01	0.01677	0.48299		TR
2006	0.89	0.9	0.01	0.01847	0.50146		TR
2006	0.9	0.91	0.01	0.02041	0.52187		TR
2006	0.91	0.92	0.01	0.02266	0.54454		TR
2006	0.92	0.93	0.01	0.02524	0.56978		TR
2006	0.93	0.94	0.01	0.0282	0.59798		TR
2006	0.94	0.95	0.01	0.03163	0.62961		TR
2006	0.95	0.96	0.01	0.03574	0.66534		TR
2006	0.96	0.97	0.01	0.04099	0.70634		TR
2006	0.97	0.98	0.01	0.0488	0.75514		TR
2006	0.98	0.99	0.01	0.06525	0.82039		TR
2006	0.99	0.991	0.001	0.00815	0.82855		TR
2006	0.991	0.992	0.001	0.00865	0.83719		TR
2006	0.992	0.993	0.001	0.00927	0.84647		TR
2006	0.993	0.994	0.001	0.01002	0.85649		TR
2006	0.994	0.995	0.001	0.01098	0.86747		TR
2006	0.995	0.996	0.001	0.01224	0.87971		TR
2006	0.996	0.997	0.001	0.01404	0.89375		TR
2006	0.997	0.998	0.001	0.01687	0.91062		TR
2006	0.998	0.999	0.001	0.02247	0.93309		TR
2006	0.999	0.9991	0.0001	0.00285	0.93594		TR
2006	0.9991	0.9992	0.0001	0.00303	0.93897		TR
2006	0.9992	0.9993	0.0001	0.00325	0.94222		TR
2006	0.9993	0.9994	0.0001	0.00353	0.94575		TR
2006	0.9994	0.9995	0.0001	0.00389	0.94964		TR
2006	0.9995	0.9996	0.0001	0.00437	0.954		TR
2006	0.9996	0.9997	0.0001	0.00506	0.95906		TR
2006	0.9997	0.9998	0.0001	0.00618	0.96525		TR
2006	0.9998	0.9999	0.0001	0.00852	0.97377		TR
2006	0.9999	0.99991	0.00001	0.00111	0.97487		TR
2006	0.99991	0.99992	0.00001	0.00119	0.97607		TR
2006	0.99992	0.99993	0.00001	0.00129	0.97736		TR
2006	0.99993	0.99994	0.00001	0.00142	0.97877		TR
2006	0.99994	0.99995	0.00001	0.00158	0.98035		TR
2006	0.99995	0.99996	0.00001	0.0018	0.98214		TR
2006	0.99996	0.99997	0.00001	0.00211	0.98426		TR
2006	0.99997	0.99998	0.00001	0.00262	0.98688		TR
2006	0.99998	0.99999	0.00001	0.00365	0.99053		TR
2006	0.99999	1	0.00001	0.00947	1		TR
2005	0	0.01	0.01	0.00024	0.00024		TR
2005	0.01	0.02	0.01	0.00071	0.00095		TR
2005	0.02	0.03	0.01	0.00097	0.00192		TR
2005	0.03	0.04	0.01	0.00113	0.00305		TR
2005	0.04	0.05	0.01	0.00124	0.00429		TR
2005	0.05	0.06	0.01	0.00136	0.00566		TR
2005	0.06	0.07	0.01	0.00148	0.00714		TR
2005	0.07	0.08	0.01	0.00159	0.00873		TR
2005	0.08	0.09	0.01	0.0017	0.01043		TR
2005	0.09	0.1	0.01	0.00181	0.01224		TR
2005	0.1	0.11	0.01	0.00191	0.01415		TR
2005	0.11	0.12	0.01	0.00199	0.01614		TR
2005	0.12	0.13	0.01	0.00208	0.01823		TR
2005	0.13	0.14	0.01	0.00217	0.0204		TR
2005	0.14	0.15	0.01	0.00226	0.02266		TR
2005	0.15	0.16	0.01	0.00235	0.02502		TR
2005	0.16	0.17	0.01	0.00244	0.02746		TR
2005	0.17	0.18	0.01	0.00253	0.02999		TR
2005	0.18	0.19	0.01	0.00261	0.0326		TR
2005	0.19	0.2	0.01	0.00268	0.03528		TR
2005	0.2	0.21	0.01	0.00276	0.03803		TR
2005	0.21	0.22	0.01	0.00283	0.04087		TR
2005	0.22	0.23	0.01	0.00291	0.04378		TR
2005	0.23	0.24	0.01	0.00299	0.04677		TR
2005	0.24	0.25	0.01	0.00307	0.04984		TR
2005	0.25	0.26	0.01	0.00315	0.05298		TR
2005	0.26	0.27	0.01	0.00323	0.05621		TR
2005	0.27	0.28	0.01	0.0033	0.05952		TR
2005	0.28	0.29	0.01	0.00338	0.0629		TR
2005	0.29	0.3	0.01	0.00346	0.06635		TR
2005	0.3	0.31	0.01	0.00353	0.06988		TR
2005	0.31	0.32	0.01	0.00361	0.07349		TR
2005	0.32	0.33	0.01	0.00368	0.07717		TR
2005	0.33	0.34	0.01	0.00376	0.08093		TR
2005	0.34	0.35	0.01	0.00384	0.08476		TR
2005	0.35	0.36	0.01	0.00391	0.08868		TR
2005	0.36	0.37	0.01	0.00399	0.09267		TR
2005	0.37	0.38	0.01	0.00407	0.09674		TR
2005	0.38	0.39	0.01	0.00414	0.10088		TR
2005	0.39	0.4	0.01	0.00422	0.10511		TR
2005	0.4	0.41	0.01	0.00431	0.10941		TR
2005	0.41	0.42	0.01	0.00439	0.11381		TR
2005	0.42	0.43	0.01	0.00448	0.11829		TR
2005	0.43	0.44	0.01	0.00456	0.12285		TR
2005	0.44	0.45	0.01	0.00465	0.1275		TR
2005	0.45	0.46	0.01	0.00474	0.13224		TR
2005	0.46	0.47	0.01	0.00483	0.13706		TR
2005	0.47	0.48	0.01	0.00492	0.14198		TR
2005	0.48	0.49	0.01	0.00501	0.14699		TR
2005	0.49	0.5	0.01	0.0051	0.15209		TR
2005	0.5	0.51	0.01	0.00519	0.15728		TR
2005	0.51	0.52	0.01	0.00528	0.16256		TR
2005	0.52	0.53	0.01	0.00538	0.16794		TR
2005	0.53	0.54	0.01	0.00547	0.17341		TR
2005	0.54	0.55	0.01	0.00557	0.17898		TR
2005	0.55	0.56	0.01	0.00567	0.18465		TR
2005	0.56	0.57	0.01	0.00577	0.19042		TR
2005	0.57	0.58	0.01	0.00587	0.1963		TR
2005	0.58	0.59	0.01	0.00598	0.20227		TR
2005	0.59	0.6	0.01	0.00609	0.20836		TR
2005	0.6	0.61	0.01	0.0062	0.21456		TR
2005	0.61	0.62	0.01	0.00632	0.22088		TR
2005	0.62	0.63	0.01	0.00644	0.22731		TR
2005	0.63	0.64	0.01	0.00656	0.23387		TR
2005	0.64	0.65	0.01	0.00669	0.24056		TR
2005	0.65	0.66	0.01	0.00682	0.24737		TR
2005	0.66	0.67	0.01	0.00695	0.25432		TR
2005	0.67	0.68	0.01	0.00709	0.26141		TR
2005	0.68	0.69	0.01	0.00723	0.26865		TR
2005	0.69	0.7	0.01	0.00738	0.27603		TR
2005	0.7	0.71	0.01	0.00754	0.28356		TR
2005	0.71	0.72	0.01	0.00769	0.29126		TR
2005	0.72	0.73	0.01	0.00786	0.29912		TR
2005	0.73	0.74	0.01	0.00803	0.30715		TR
2005	0.74	0.75	0.01	0.00821	0.31536		TR
2005	0.75	0.76	0.01	0.00841	0.32377		TR
2005	0.76	0.77	0.01	0.00862	0.33239		TR
2005	0.77	0.78	0.01	0.00885	0.34124		TR
2005	0.78	0.79	0.01	0.00911	0.35035		TR
2005	0.79	0.8	0.01	0.0094	0.35975		TR
2005	0.8	0.81	0.01	0.00974	0.36949		TR
2005	0.81	0.82	0.01	0.01016	0.37965		TR
2005	0.82	0.83	0.01	0.01067	0.39033		TR
2005	0.83	0.84	0.01	0.0113	0.40162		TR
2005	0.84	0.85	0.01	0.01205	0.41367		TR
2005	0.85	0.86	0.01	0.01294	0.4266		TR
2005	0.86	0.87	0.01	0.01402	0.44063		TR
2005	0.87	0.88	0.01	0.01531	0.45594		TR
2005	0.88	0.89	0.01	0.01683	0.47276		TR
2005	0.89	0.9	0.01	0.01854	0.4913		TR
2005	0.9	0.91	0.01	0.02045	0.51175		TR
2005	0.91	0.92	0.01	0.02262	0.53437		TR
2005	0.92	0.93	0.01	0.02514	0.5595		TR
2005	0.93	0.94	0.01	0.02802	0.58752		TR
2005	0.94	0.95	0.01	0.03132	0.61884		TR
2005	0.95	0.96	0.01	0.03546	0.6543		TR
2005	0.96	0.97	0.01	0.04126	0.69555		TR
2005	0.97	0.98	0.01	0.04955	0.74511		TR
2005	0.98	0.99	0.01	0.06601	0.81111		TR
2005	0.99	0.991	0.001	0.00818	0.81929		TR
2005	0.991	0.992	0.001	0.00867	0.82797		TR
2005	0.992	0.993	0.001	0.00927	0.83724		TR
2005	0.993	0.994	0.001	0.01002	0.84726		TR
2005	0.994	0.995	0.001	0.01098	0.85824		TR
2005	0.995	0.996	0.001	0.01226	0.8705		TR
2005	0.996	0.997	0.001	0.01409	0.88459		TR
2005	0.997	0.998	0.001	0.01703	0.90162		TR
2005	0.998	0.999	0.001	0.02302	0.92464		TR
2005	0.999	0.9991	0.0001	0.00295	0.9276		TR
2005	0.9991	0.9992	0.0001	0.00316	0.93075		TR
2005	0.9992	0.9993	0.0001	0.0034	0.93415		TR
2005	0.9993	0.9994	0.0001	0.00371	0.93787		TR
2005	0.9994	0.9995	0.0001	0.00411	0.94198		TR
2005	0.9995	0.9996	0.0001	0.00465	0.94663		TR
2005	0.9996	0.9997	0.0001	0.00544	0.95207		TR
2005	0.9997	0.9998	0.0001	0.00674	0.95882		TR
2005	0.9998	0.9999	0.0001	0.00947	0.96829		TR
2005	0.9999	0.99991	0.00001	0.00125	0.96953		TR
2005	0.99991	0.99992	0.00001	0.00134	0.97088		TR
2005	0.99992	0.99993	0.00001	0.00146	0.97234		TR
2005	0.99993	0.99994	0.00001	0.00161	0.97395		TR
2005	0.99994	0.99995	0.00001	0.0018	0.97575		TR
2005	0.99995	0.99996	0.00001	0.00206	0.97782		TR
2005	0.99996	0.99997	0.00001	0.00244	0.98026		TR
2005	0.99997	0.99998	0.00001	0.00306	0.98331		TR
2005	0.99998	0.99999	0.00001	0.0043	0.98761		TR
2005	0.99999	1	0.00001	0.01239	1		TR
2004	0	0.01	0.01	0.0003	0.0003		TR
2004	0.01	0.02	0.01	0.00077	0.00107		TR
2004	0.02	0.03	0.01	0.00101	0.00207		TR
2004	0.03	0.04	0.01	0.00114	0.00321		TR
2004	0.04	0.05	0.01	0.00123	0.00444		TR
2004	0.05	0.06	0.01	0.00134	0.00578		TR
2004	0.06	0.07	0.01	0.00145	0.00723		TR
2004	0.07	0.08	0.01	0.00156	0.00878		TR
2004	0.08	0.09	0.01	0.00165	0.01043		TR
2004	0.09	0.1	0.01	0.00174	0.01217		TR
2004	0.1	0.11	0.01	0.00183	0.01401		TR
2004	0.11	0.12	0.01	0.00192	0.01593		TR
2004	0.12	0.13	0.01	0.00201	0.01794		TR
2004	0.13	0.14	0.01	0.00209	0.02003		TR
2004	0.14	0.15	0.01	0.00217	0.0222		TR
2004	0.15	0.16	0.01	0.00225	0.02445		TR
2004	0.16	0.17	0.01	0.00233	0.02678		TR
2004	0.17	0.18	0.01	0.0024	0.02918		TR
2004	0.18	0.19	0.01	0.00247	0.03164		TR
2004	0.19	0.2	0.01	0.00254	0.03418		TR
2004	0.2	0.21	0.01	0.00262	0.0368		TR
2004	0.21	0.22	0.01	0.00269	0.03949		TR
2004	0.22	0.23	0.01	0.00276	0.04224		TR
2004	0.23	0.24	0.01	0.00283	0.04507		TR
2004	0.24	0.25	0.01	0.0029	0.04798		TR
2004	0.25	0.26	0.01	0.00297	0.05095		TR
2004	0.26	0.27	0.01	0.00304	0.05399		TR
2004	0.27	0.28	0.01	0.00311	0.0571		TR
2004	0.28	0.29	0.01	0.00318	0.06028		TR
2004	0.29	0.3	0.01	0.00325	0.06352		TR
2004	0.3	0.31	0.01	0.00332	0.06684		TR
2004	0.31	0.32	0.01	0.00339	0.07023		TR
2004	0.32	0.33	0.01	0.00346	0.07369		TR
2004	0.33	0.34	0.01	0.00353	0.07723		TR
2004	0.34	0.35	0.01	0.0036	0.08083		TR
2004	0.35	0.36	0.01	0.00368	0.08451		TR
2004	0.36	0.37	0.01	0.00375	0.08826		TR
2004	0.37	0.38	0.01	0.00382	0.09208		TR
2004	0.38	0.39	0.01	0.00389	0.09597		TR
2004	0.39	0.4	0.01	0.00397	0.09994		TR
2004	0.4	0.41	0.01	0.00404	0.10398		TR
2004	0.41	0.42	0.01	0.00412	0.1081		TR
2004	0.42	0.43	0.01	0.00419	0.11228		TR
2004	0.43	0.44	0.01	0.00427	0.11655		TR
2004	0.44	0.45	0.01	0.00434	0.12089		TR
2004	0.45	0.46	0.01	0.00442	0.12532		TR
2004	0.46	0.47	0.01	0.0045	0.12982		TR
2004	0.47	0.48	0.01	0.00458	0.1344		TR
2004	0.48	0.49	0.01	0.00467	0.13907		TR
2004	0.49	0.5	0.01	0.00475	0.14382		TR
2004	0.5	0.51	0.01	0.00484	0.14866		TR
2004	0.51	0.52	0.01	0.00493	0.15359		TR
2004	0.52	0.53	0.01	0.00502	0.15861		TR
2004	0.53	0.54	0.01	0.00512	0.16373		TR
2004	0.54	0.55	0.01	0.00521	0.16894		TR
2004	0.55	0.56	0.01	0.00531	0.17425		TR
2004	0.56	0.57	0.01	0.00541	0.17966		TR
2004	0.57	0.58	0.01	0.00552	0.18518		TR
2004	0.58	0.59	0.01	0.00562	0.1908		TR
2004	0.59	0.6	0.01	0.00573	0.19653		TR
2004	0.6	0.61	0.01	0.00584	0.20237		TR
2004	0.61	0.62	0.01	0.00595	0.20832		TR
2004	0.62	0.63	0.01	0.00607	0.21439		TR
2004	0.63	0.64	0.01	0.00618	0.22058		TR
2004	0.64	0.65	0.01	0.00631	0.22688		TR
2004	0.65	0.66	0.01	0.00643	0.23331		TR
2004	0.66	0.67	0.01	0.00656	0.23987		TR
2004	0.67	0.68	0.01	0.00669	0.24656		TR
2004	0.68	0.69	0.01	0.00683	0.25339		TR
2004	0.69	0.7	0.01	0.00698	0.26037		TR
2004	0.7	0.71	0.01	0.00713	0.2675		TR
2004	0.71	0.72	0.01	0.00729	0.2748		TR
2004	0.72	0.73	0.01	0.00747	0.28226		TR
2004	0.73	0.74	0.01	0.00764	0.2899		TR
2004	0.74	0.75	0.01	0.00783	0.29773		TR
2004	0.75	0.76	0.01	0.00803	0.30576		TR
2004	0.76	0.77	0.01	0.00824	0.314		TR
2004	0.77	0.78	0.01	0.00847	0.32247		TR
2004	0.78	0.79	0.01	0.00874	0.33121		TR
2004	0.79	0.8	0.01	0.00904	0.34025		TR
2004	0.8	0.81	0.01	0.0094	0.34964		TR
2004	0.81	0.82	0.01	0.00983	0.35948		TR
2004	0.82	0.83	0.01	0.01035	0.36983		TR
2004	0.83	0.84	0.01	0.01098	0.38081		TR
2004	0.84	0.85	0.01	0.01173	0.39254		TR
2004	0.85	0.86	0.01	0.01262	0.40516		TR
2004	0.86	0.87	0.01	0.01366	0.41882		TR
2004	0.87	0.88	0.01	0.01488	0.4337		TR
2004	0.88	0.89	0.01	0.0164	0.4501		TR
2004	0.89	0.9	0.01	0.01818	0.46827		TR
2004	0.9	0.91	0.01	0.02011	0.48838		TR
2004	0.91	0.92	0.01	0.02219	0.51057		TR
2004	0.92	0.93	0.01	0.0246	0.53517		TR
2004	0.93	0.94	0.01	0.02744	0.56261		TR
2004	0.94	0.95	0.01	0.03069	0.5933		TR
2004	0.95	0.96	0.01	0.03497	0.62827		TR
2004	0.96	0.97	0.01	0.04138	0.66965		TR
2004	0.97	0.98	0.01	0.04972	0.71937		TR
2004	0.98	0.99	0.01	0.06598	0.78535		TR
2004	0.99	0.991	0.001	0.0084	0.79375		TR
2004	0.991	0.992	0.001	0.00895	0.8027		TR
2004	0.992	0.993	0.001	0.00963	0.81233		TR
2004	0.993	0.994	0.001	0.01049	0.82283		TR
2004	0.994	0.995	0.001	0.01157	0.8344		TR
2004	0.995	0.996	0.001	0.01304	0.84744		TR
2004	0.996	0.997	0.001	0.01517	0.86261		TR
2004	0.997	0.998	0.001	0.01862	0.88123		TR
2004	0.998	0.999	0.001	0.02576	0.90699		TR
2004	0.999	0.9991	0.0001	0.00336	0.91035		TR
2004	0.9991	0.9992	0.0001	0.00361	0.91396		TR
2004	0.9992	0.9993	0.0001	0.00391	0.91788		TR
2004	0.9993	0.9994	0.0001	0.00429	0.92216		TR
2004	0.9994	0.9995	0.0001	0.00478	0.92694		TR
2004	0.9995	0.9996	0.0001	0.00545	0.93239		TR
2004	0.9996	0.9997	0.0001	0.00643	0.93881		TR
2004	0.9997	0.9998	0.0001	0.00805	0.94686		TR
2004	0.9998	0.9999	0.0001	0.01148	0.95834		TR
2004	0.9999	0.99991	0.00001	0.00153	0.95987		TR
2004	0.99991	0.99992	0.00001	0.00165	0.96152		TR
2004	0.99992	0.99993	0.00001	0.0018	0.96332		TR
2004	0.99993	0.99994	0.00001	0.00199	0.96531		TR
2004	0.99994	0.99995	0.00001	0.00223	0.96754		TR
2004	0.99995	0.99996	0.00001	0.00256	0.97009		TR
2004	0.99996	0.99997	0.00001	0.00304	0.97313		TR
2004	0.99997	0.99998	0.00001	0.00383	0.97697		TR
2004	0.99998	0.99999	0.00001	0.00545	0.98242		TR
2004	0.99999	1	0.00001	0.01758	1		TR
2003	0	0.01	0.01	0.00026	0.00026		TR
2003	0.01	0.02	0.01	0.00083	0.00109		TR
2003	0.02	0.03	0.01	0.00109	0.00219		TR
2003	0.03	0.04	0.01	0.00121	0.00339		TR
2003	0.04	0.05	0.01	0.00128	0.00467		TR
2003	0.05	0.06	0.01	0.00139	0.00606		TR
2003	0.06	0.07	0.01	0.00151	0.00757		TR
2003	0.07	0.08	0.01	0.00161	0.00918		TR
2003	0.08	0.09	0.01	0.00169	0.01087		TR
2003	0.09	0.1	0.01	0.00177	0.01264		TR
2003	0.1	0.11	0.01	0.00184	0.01448		TR
2003	0.11	0.12	0.01	0.00192	0.0164		TR
2003	0.12	0.13	0.01	0.00199	0.01839		TR
2003	0.13	0.14	0.01	0.00207	0.02046		TR
2003	0.14	0.15	0.01	0.00215	0.02261		TR
2003	0.15	0.16	0.01	0.00222	0.02483		TR
2003	0.16	0.17	0.01	0.00229	0.02712		TR
2003	0.17	0.18	0.01	0.00236	0.02949		TR
2003	0.18	0.19	0.01	0.00243	0.03192		TR
2003	0.19	0.2	0.01	0.0025	0.03441		TR
2003	0.2	0.21	0.01	0.00257	0.03698		TR
2003	0.21	0.22	0.01	0.00263	0.03961		TR
2003	0.22	0.23	0.01	0.0027	0.04231		TR
2003	0.23	0.24	0.01	0.00276	0.04507		TR
2003	0.24	0.25	0.01	0.00282	0.04789		TR
2003	0.25	0.26	0.01	0.00288	0.05078		TR
2003	0.26	0.27	0.01	0.00295	0.05372		TR
2003	0.27	0.28	0.01	0.00301	0.05674		TR
2003	0.28	0.29	0.01	0.00307	0.05981		TR
2003	0.29	0.3	0.01	0.00314	0.06295		TR
2003	0.3	0.31	0.01	0.0032	0.06614		TR
2003	0.31	0.32	0.01	0.00326	0.0694		TR
2003	0.32	0.33	0.01	0.00332	0.07273		TR
2003	0.33	0.34	0.01	0.00339	0.07612		TR
2003	0.34	0.35	0.01	0.00346	0.07957		TR
2003	0.35	0.36	0.01	0.00352	0.08309		TR
2003	0.36	0.37	0.01	0.00359	0.08668		TR
2003	0.37	0.38	0.01	0.00366	0.09034		TR
2003	0.38	0.39	0.01	0.00372	0.09407		TR
2003	0.39	0.4	0.01	0.00379	0.09786		TR
2003	0.4	0.41	0.01	0.00386	0.10172		TR
2003	0.41	0.42	0.01	0.00393	0.10565		TR
2003	0.42	0.43	0.01	0.004	0.10964		TR
2003	0.43	0.44	0.01	0.00407	0.11371		TR
2003	0.44	0.45	0.01	0.00414	0.11786		TR
2003	0.45	0.46	0.01	0.00422	0.12208		TR
2003	0.46	0.47	0.01	0.0043	0.12637		TR
2003	0.47	0.48	0.01	0.00437	0.13075		TR
2003	0.48	0.49	0.01	0.00445	0.1352		TR
2003	0.49	0.5	0.01	0.00454	0.13974		TR
2003	0.5	0.51	0.01	0.00462	0.14436		TR
2003	0.51	0.52	0.01	0.00471	0.14906		TR
2003	0.52	0.53	0.01	0.00479	0.15386		TR
2003	0.53	0.54	0.01	0.00488	0.15874		TR
2003	0.54	0.55	0.01	0.00497	0.16371		TR
2003	0.55	0.56	0.01	0.00506	0.16877		TR
2003	0.56	0.57	0.01	0.00516	0.17392		TR
2003	0.57	0.58	0.01	0.00525	0.17918		TR
2003	0.58	0.59	0.01	0.00535	0.18453		TR
2003	0.59	0.6	0.01	0.00546	0.18999		TR
2003	0.6	0.61	0.01	0.00557	0.19556		TR
2003	0.61	0.62	0.01	0.00568	0.20124		TR
2003	0.62	0.63	0.01	0.00579	0.20703		TR
2003	0.63	0.64	0.01	0.00591	0.21294		TR
2003	0.64	0.65	0.01	0.00604	0.21898		TR
2003	0.65	0.66	0.01	0.00616	0.22514		TR
2003	0.66	0.67	0.01	0.00629	0.23143		TR
2003	0.67	0.68	0.01	0.00643	0.23786		TR
2003	0.68	0.69	0.01	0.00657	0.24443		TR
2003	0.69	0.7	0.01	0.00671	0.25114		TR
2003	0.7	0.71	0.01	0.00687	0.25801		TR
2003	0.71	0.72	0.01	0.00703	0.26504		TR
2003	0.72	0.73	0.01	0.00719	0.27223		TR
2003	0.73	0.74	0.01	0.00736	0.27959		TR
2003	0.74	0.75	0.01	0.00754	0.28714		TR
2003	0.75	0.76	0.01	0.00773	0.29487		TR
2003	0.76	0.77	0.01	0.00794	0.30281		TR
2003	0.77	0.78	0.01	0.00816	0.31097		TR
2003	0.78	0.79	0.01	0.0084	0.31936		TR
2003	0.79	0.8	0.01	0.00868	0.32804		TR
2003	0.8	0.81	0.01	0.00901	0.33705		TR
2003	0.81	0.82	0.01	0.00942	0.34647		TR
2003	0.82	0.83	0.01	0.00991	0.35638		TR
2003	0.83	0.84	0.01	0.01052	0.36691		TR
2003	0.84	0.85	0.01	0.01126	0.37817		TR
2003	0.85	0.86	0.01	0.01214	0.39031		TR
2003	0.86	0.87	0.01	0.01319	0.40351		TR
2003	0.87	0.88	0.01	0.01443	0.41794		TR
2003	0.88	0.89	0.01	0.01591	0.43385		TR
2003	0.89	0.9	0.01	0.01763	0.45148		TR
2003	0.9	0.91	0.01	0.0196	0.47108		TR
2003	0.91	0.92	0.01	0.02187	0.49295		TR
2003	0.92	0.93	0.01	0.02448	0.51743		TR
2003	0.93	0.94	0.01	0.02752	0.54494		TR
2003	0.94	0.95	0.01	0.03119	0.57614		TR
2003	0.95	0.96	0.01	0.03589	0.61203		TR
2003	0.96	0.97	0.01	0.04223	0.65426		TR
2003	0.97	0.98	0.01	0.0528	0.70706		TR
2003	0.98	0.99	0.01	0.07329	0.78035		TR
2003	0.99	0.991	0.001	0.00937	0.78971		TR
2003	0.991	0.992	0.001	0.01001	0.79972		TR
2003	0.992	0.993	0.001	0.01077	0.81049		TR
2003	0.993	0.994	0.001	0.01171	0.8222		TR
2003	0.994	0.995	0.001	0.0129	0.8351		TR
2003	0.995	0.996	0.001	0.01448	0.84959		TR
2003	0.996	0.997	0.001	0.01677	0.86636		TR
2003	0.997	0.998	0.001	0.0204	0.88676		TR
2003	0.998	0.999	0.001	0.02764	0.9144		TR
2003	0.999	0.9991	0.0001	0.00354	0.91794		TR
2003	0.9991	0.9992	0.0001	0.00378	0.92172		TR
2003	0.9992	0.9993	0.0001	0.00407	0.92579		TR
2003	0.9993	0.9994	0.0001	0.00443	0.93022		TR
2003	0.9994	0.9995	0.0001	0.0049	0.93512		TR
2003	0.9995	0.9996	0.0001	0.00552	0.94064		TR
2003	0.9996	0.9997	0.0001	0.00643	0.94707		TR
2003	0.9997	0.9998	0.0001	0.00789	0.95496		TR
2003	0.9998	0.9999	0.0001	0.01093	0.96589		TR
2003	0.9999	0.99991	0.00001	0.00142	0.96731		TR
2003	0.99991	0.99992	0.00001	0.00153	0.96884		TR
2003	0.99992	0.99993	0.00001	0.00166	0.9705		TR
2003	0.99993	0.99994	0.00001	0.00181	0.97231		TR
2003	0.99994	0.99995	0.00001	0.00202	0.97432		TR
2003	0.99995	0.99996	0.00001	0.00229	0.97662		TR
2003	0.99996	0.99997	0.00001	0.00269	0.97931		TR
2003	0.99997	0.99998	0.00001	0.00334	0.98264		TR
2003	0.99998	0.99999	0.00001	0.00463	0.98727		TR
2003	0.99999	1	0.00001	0.01273	1		TR
2002	0	0.01	0.01	0.00022	0.00022		TR
2002	0.01	0.02	0.01	0.00078	0.001		TR
2002	0.02	0.03	0.01	0.00102	0.00202		TR
2002	0.03	0.04	0.01	0.00113	0.00315		TR
2002	0.04	0.05	0.01	0.0012	0.00435		TR
2002	0.05	0.06	0.01	0.0013	0.00565		TR
2002	0.06	0.07	0.01	0.00142	0.00707		TR
2002	0.07	0.08	0.01	0.00152	0.00859		TR
2002	0.08	0.09	0.01	0.00161	0.0102		TR
2002	0.09	0.1	0.01	0.0017	0.01189		TR
2002	0.1	0.11	0.01	0.00178	0.01368		TR
2002	0.11	0.12	0.01	0.00187	0.01554		TR
2002	0.12	0.13	0.01	0.00194	0.01749		TR
2002	0.13	0.14	0.01	0.00202	0.0195		TR
2002	0.14	0.15	0.01	0.00209	0.02159		TR
2002	0.15	0.16	0.01	0.00216	0.02376		TR
2002	0.16	0.17	0.01	0.00222	0.02598		TR
2002	0.17	0.18	0.01	0.00228	0.02826		TR
2002	0.18	0.19	0.01	0.00234	0.03059		TR
2002	0.19	0.2	0.01	0.0024	0.033		TR
2002	0.2	0.21	0.01	0.00247	0.03547		TR
2002	0.21	0.22	0.01	0.00254	0.03801		TR
2002	0.22	0.23	0.01	0.0026	0.04061		TR
2002	0.23	0.24	0.01	0.00266	0.04326		TR
2002	0.24	0.25	0.01	0.00273	0.04599		TR
2002	0.25	0.26	0.01	0.00279	0.04878		TR
2002	0.26	0.27	0.01	0.00285	0.05163		TR
2002	0.27	0.28	0.01	0.00291	0.05455		TR
2002	0.28	0.29	0.01	0.00298	0.05753		TR
2002	0.29	0.3	0.01	0.00304	0.06057		TR
2002	0.3	0.31	0.01	0.00311	0.06368		TR
2002	0.31	0.32	0.01	0.00317	0.06685		TR
2002	0.32	0.33	0.01	0.00324	0.07009		TR
2002	0.33	0.34	0.01	0.00331	0.0734		TR
2002	0.34	0.35	0.01	0.00339	0.07679		TR
2002	0.35	0.36	0.01	0.00346	0.08024		TR
2002	0.36	0.37	0.01	0.00353	0.08377		TR
2002	0.37	0.38	0.01	0.0036	0.08737		TR
2002	0.38	0.39	0.01	0.00367	0.09105		TR
2002	0.39	0.4	0.01	0.00375	0.09479		TR
2002	0.4	0.41	0.01	0.00381	0.09861		TR
2002	0.41	0.42	0.01	0.00388	0.10249		TR
2002	0.42	0.43	0.01	0.00395	0.10644		TR
2002	0.43	0.44	0.01	0.00402	0.11046		TR
2002	0.44	0.45	0.01	0.0041	0.11456		TR
2002	0.45	0.46	0.01	0.00417	0.11873		TR
2002	0.46	0.47	0.01	0.00424	0.12297		TR
2002	0.47	0.48	0.01	0.00432	0.12729		TR
2002	0.48	0.49	0.01	0.0044	0.13168		TR
2002	0.49	0.5	0.01	0.00447	0.13616		TR
2002	0.5	0.51	0.01	0.00456	0.14071		TR
2002	0.51	0.52	0.01	0.00464	0.14535		TR
2002	0.52	0.53	0.01	0.00472	0.15007		TR
2002	0.53	0.54	0.01	0.0048	0.15487		TR
2002	0.54	0.55	0.01	0.00489	0.15976		TR
2002	0.55	0.56	0.01	0.00497	0.16473		TR
2002	0.56	0.57	0.01	0.00506	0.16979		TR
2002	0.57	0.58	0.01	0.00515	0.17494		TR
2002	0.58	0.59	0.01	0.00524	0.18018		TR
2002	0.59	0.6	0.01	0.00534	0.18551		TR
2002	0.6	0.61	0.01	0.00544	0.19095		TR
2002	0.61	0.62	0.01	0.00554	0.19649		TR
2002	0.62	0.63	0.01	0.00565	0.20214		TR
2002	0.63	0.64	0.01	0.00577	0.20792		TR
2002	0.64	0.65	0.01	0.0059	0.21382		TR
2002	0.65	0.66	0.01	0.00603	0.21985		TR
2002	0.66	0.67	0.01	0.00617	0.22601		TR
2002	0.67	0.68	0.01	0.00631	0.23232		TR
2002	0.68	0.69	0.01	0.00645	0.23877		TR
2002	0.69	0.7	0.01	0.0066	0.24537		TR
2002	0.7	0.71	0.01	0.00676	0.25213		TR
2002	0.71	0.72	0.01	0.00692	0.25904		TR
2002	0.72	0.73	0.01	0.00709	0.26613		TR
2002	0.73	0.74	0.01	0.00727	0.2734		TR
2002	0.74	0.75	0.01	0.00746	0.28086		TR
2002	0.75	0.76	0.01	0.00765	0.28851		TR
2002	0.76	0.77	0.01	0.00786	0.29637		TR
2002	0.77	0.78	0.01	0.00808	0.30445		TR
2002	0.78	0.79	0.01	0.00834	0.31279		TR
2002	0.79	0.8	0.01	0.00863	0.32142		TR
2002	0.8	0.81	0.01	0.00899	0.3304		TR
2002	0.81	0.82	0.01	0.00943	0.33983		TR
2002	0.82	0.83	0.01	0.00997	0.3498		TR
2002	0.83	0.84	0.01	0.01061	0.36041		TR
2002	0.84	0.85	0.01	0.01136	0.37177		TR
2002	0.85	0.86	0.01	0.01223	0.38399		TR
2002	0.86	0.87	0.01	0.01329	0.39728		TR
2002	0.87	0.88	0.01	0.01455	0.41183		TR
2002	0.88	0.89	0.01	0.01605	0.42788		TR
2002	0.89	0.9	0.01	0.01777	0.44564		TR
2002	0.9	0.91	0.01	0.01972	0.46537		TR
2002	0.91	0.92	0.01	0.02194	0.4873		TR
2002	0.92	0.93	0.01	0.02442	0.51172		TR
2002	0.93	0.94	0.01	0.02736	0.53908		TR
2002	0.94	0.95	0.01	0.03118	0.57026		TR
2002	0.95	0.96	0.01	0.03612	0.60638		TR
2002	0.96	0.97	0.01	0.04316	0.64954		TR
2002	0.97	0.98	0.01	0.05383	0.70337		TR
2002	0.98	0.99	0.01	0.0721	0.77547		TR
2002	0.99	0.991	0.001	0.00937	0.78483		TR
2002	0.991	0.992	0.001	0.01	0.79483		TR
2002	0.992	0.993	0.001	0.01074	0.80557		TR
2002	0.993	0.994	0.001	0.01165	0.81723		TR
2002	0.994	0.995	0.001	0.01281	0.83004		TR
2002	0.995	0.996	0.001	0.01438	0.84442		TR
2002	0.996	0.997	0.001	0.01663	0.86104		TR
2002	0.997	0.998	0.001	0.02024	0.88128		TR
2002	0.998	0.999	0.001	0.0276	0.90888		TR
2002	0.999	0.9991	0.0001	0.00356	0.91244		TR
2002	0.9991	0.9992	0.0001	0.00381	0.91625		TR
2002	0.9992	0.9993	0.0001	0.00411	0.92036		TR
2002	0.9993	0.9994	0.0001	0.00449	0.92485		TR
2002	0.9994	0.9995	0.0001	0.00498	0.92983		TR
2002	0.9995	0.9996	0.0001	0.00564	0.93546		TR
2002	0.9996	0.9997	0.0001	0.0066	0.94206		TR
2002	0.9997	0.9998	0.0001	0.00818	0.95023		TR
2002	0.9998	0.9999	0.0001	0.01146	0.9617		TR
2002	0.9999	0.99991	0.00001	0.00151	0.96321		TR
2002	0.99991	0.99992	0.00001	0.00162	0.96483		TR
2002	0.99992	0.99993	0.00001	0.00176	0.96659		TR
2002	0.99993	0.99994	0.00001	0.00194	0.96852		TR
2002	0.99994	0.99995	0.00001	0.00216	0.97068		TR
2002	0.99995	0.99996	0.00001	0.00246	0.97315		TR
2002	0.99996	0.99997	0.00001	0.00291	0.97605		TR
2002	0.99997	0.99998	0.00001	0.00363	0.97968		TR
2002	0.99998	0.99999	0.00001	0.00509	0.98478		TR
2002	0.99999	1	0.00001	0.01522	1		TR
1994	0	0.01	0.01	-0.00101	-0.00101		TR
1994	0.01	0.02	0.01	-0.00024	-0.00124		TR
1994	0.02	0.03	0.01	0.0001	-0.00115		TR
1994	0.03	0.04	0.01	0.00027	-0.00087		TR
1994	0.04	0.05	0.01	0.00037	-0.0005		TR
1994	0.05	0.06	0.01	0.00045	-0.00005		TR
1994	0.06	0.07	0.01	0.00052	0.00047		TR
1994	0.07	0.08	0.01	0.00058	0.00105		TR
1994	0.08	0.09	0.01	0.00064	0.00168		TR
1994	0.09	0.1	0.01	0.00069	0.00238		TR
1994	0.1	0.11	0.01	0.00075	0.00312		TR
1994	0.11	0.12	0.01	0.0008	0.00392		TR
1994	0.12	0.13	0.01	0.00085	0.00477		TR
1994	0.13	0.14	0.01	0.0009	0.00567		TR
1994	0.14	0.15	0.01	0.00094	0.00661		TR
1994	0.15	0.16	0.01	0.00099	0.0076		TR
1994	0.16	0.17	0.01	0.00104	0.00864		TR
1994	0.17	0.18	0.01	0.00109	0.00973		TR
1994	0.18	0.19	0.01	0.00113	0.01086		TR
1994	0.19	0.2	0.01	0.00118	0.01205		TR
1994	0.2	0.21	0.01	0.00123	0.01327		TR
1994	0.21	0.22	0.01	0.00128	0.01455		TR
1994	0.22	0.23	0.01	0.00133	0.01588		TR
1994	0.23	0.24	0.01	0.00138	0.01726		TR
1994	0.24	0.25	0.01	0.00143	0.01868		TR
1994	0.25	0.26	0.01	0.00148	0.02016		TR
1994	0.26	0.27	0.01	0.00153	0.02169		TR
1994	0.27	0.28	0.01	0.00159	0.02328		TR
1994	0.28	0.29	0.01	0.00165	0.02493		TR
1994	0.29	0.3	0.01	0.00171	0.02663		TR
1994	0.3	0.31	0.01	0.00177	0.02841		TR
1994	0.31	0.32	0.01	0.00184	0.03024		TR
1994	0.32	0.33	0.01	0.00191	0.03216		TR
1994	0.33	0.34	0.01	0.00199	0.03414		TR
1994	0.34	0.35	0.01	0.00206	0.0362		TR
1994	0.35	0.36	0.01	0.00215	0.03835		TR
1994	0.36	0.37	0.01	0.00223	0.04059		TR
1994	0.37	0.38	0.01	0.00232	0.04291		TR
1994	0.38	0.39	0.01	0.00242	0.04533		TR
1994	0.39	0.4	0.01	0.00251	0.04784		TR
1994	0.4	0.41	0.01	0.00261	0.05045		TR
1994	0.41	0.42	0.01	0.00271	0.05317		TR
1994	0.42	0.43	0.01	0.00282	0.05598		TR
1994	0.43	0.44	0.01	0.00292	0.05891		TR
1994	0.44	0.45	0.01	0.00303	0.06193		TR
1994	0.45	0.46	0.01	0.00313	0.06507		TR
1994	0.46	0.47	0.01	0.00324	0.06831		TR
1994	0.47	0.48	0.01	0.00335	0.07166		TR
1994	0.48	0.49	0.01	0.00346	0.07511		TR
1994	0.49	0.5	0.01	0.00357	0.07868		TR
1994	0.5	0.51	0.01	0.00368	0.08235		TR
1994	0.51	0.52	0.01	0.00379	0.08614		TR
1994	0.52	0.53	0.01	0.0039	0.09004		TR
1994	0.53	0.54	0.01	0.00402	0.09407		TR
1994	0.54	0.55	0.01	0.00414	0.09821		TR
1994	0.55	0.56	0.01	0.00427	0.10247		TR
1994	0.56	0.57	0.01	0.00439	0.10687		TR
1994	0.57	0.58	0.01	0.00452	0.11139		TR
1994	0.58	0.59	0.01	0.00466	0.11605		TR
1994	0.59	0.6	0.01	0.00479	0.12084		TR
1994	0.6	0.61	0.01	0.00493	0.12577		TR
1994	0.61	0.62	0.01	0.00508	0.13085		TR
1994	0.62	0.63	0.01	0.00523	0.13608		TR
1994	0.63	0.64	0.01	0.00539	0.14147		TR
1994	0.64	0.65	0.01	0.00555	0.14703		TR
1994	0.65	0.66	0.01	0.00573	0.15275		TR
1994	0.66	0.67	0.01	0.00591	0.15866		TR
1994	0.67	0.68	0.01	0.0061	0.16476		TR
1994	0.68	0.69	0.01	0.0063	0.17106		TR
1994	0.69	0.7	0.01	0.00651	0.17757		TR
1994	0.7	0.71	0.01	0.00672	0.18429		TR
1994	0.71	0.72	0.01	0.00695	0.19124		TR
1994	0.72	0.73	0.01	0.00718	0.19842		TR
1994	0.73	0.74	0.01	0.00743	0.20586		TR
1994	0.74	0.75	0.01	0.00771	0.21356		TR
1994	0.75	0.76	0.01	0.00801	0.22157		TR
1994	0.76	0.77	0.01	0.00834	0.22991		TR
1994	0.77	0.78	0.01	0.00869	0.2386		TR
1994	0.78	0.79	0.01	0.00907	0.24767		TR
1994	0.79	0.8	0.01	0.00946	0.25712		TR
1994	0.8	0.81	0.01	0.00986	0.26699		TR
1994	0.81	0.82	0.01	0.01031	0.27729		TR
1994	0.82	0.83	0.01	0.0108	0.28809		TR
1994	0.83	0.84	0.01	0.01136	0.29945		TR
1994	0.84	0.85	0.01	0.012	0.31146		TR
1994	0.85	0.86	0.01	0.01276	0.32422		TR
1994	0.86	0.87	0.01	0.01362	0.33784		TR
1994	0.87	0.88	0.01	0.01463	0.35246		TR
1994	0.88	0.89	0.01	0.01582	0.36828		TR
1994	0.89	0.9	0.01	0.01723	0.38551		TR
1994	0.9	0.91	0.01	0.01893	0.40444		TR
1994	0.91	0.92	0.01	0.021	0.42544		TR
1994	0.92	0.93	0.01	0.02357	0.44901		TR
1994	0.93	0.94	0.01	0.02682	0.47583		TR
1994	0.94	0.95	0.01	0.031	0.50683		TR
1994	0.95	0.96	0.01	0.03639	0.54322		TR
1994	0.96	0.97	0.01	0.04354	0.58676		TR
1994	0.97	0.98	0.01	0.05435	0.64111		TR
1994	0.98	0.99	0.01	0.07631	0.71743		TR
1994	0.99	1	0.01	0.28257	1		TR
